"","EGFR","Hypoxia","JAK.STAT","MAPK","NFkB","PI3K","TGFb","TNFa","Trail","VEGF","p53"
"EGFR",1,0.764028968253968,1,1,0.764028968253968,0.764028968253968,1,1,1,1,1
"MTORC1",0.0332186507936508,0.700913531746032,0.543955406746032,0.543955406746032,0.0332186507936508,0.382014484126984,0.59424475308642,0.232530555555556,0.809327128427129,0.543955406746032,0.543955406746032
"PDGFR",0.21592123015873,0.21592123015873,0.873175963718821,1,0.21592123015873,0.21592123015873,1,1,0.873175963718821,0.597935714285714,1
"KIT",1,1,1,1,1,1,1,1,1,1,1
"VEGFR",1,1,1,1,1,1,1,1,1,1,1
"FLT3",0.0996559523809524,1,1,1,1,0.631154365079365,1,1,1,1,0.631154365079365
"RET",0,1,1,0.110728835978836,1,0.83046626984127,0.935658664021164,0.083046626984127,1,1,0.257444543650794
"CSF1R",0.73911498015873,0.73911498015873,1,0.813856944444444,0.73911498015873,0.950883878968254,0.999881388888889,0.73911498015873,0.950883878968254,0.783960158730159,0.967031834215168
"MET",0.867375881834215,0.867375881834215,0.867375881834215,0.867375881834215,1,0.867375881834215,1,0.867375881834215,0.867375881834215,0.867375881834215,0.867375881834215
"Proteasome",0.616917800453515,1,0.616917800453515,0.616917800453515,0.616917800453515,1,1,1,0.616917800453515,0.616917800453515,0.616917800453515
"Microtubule stabiliser",1,1,0.83046626984127,1,0.83046626984127,1,1,0.83046626984127,1,1,0.83046626984127
"SMO",1,0.348795833333333,0.826313938492064,0.826313938492064,0.348795833333333,0.826313938492064,0.826313938492064,0.826313938492064,1,1,0.826313938492064
"BRAF",0.232530555555556,0.398623809523809,1,0.398623809523809,0.398623809523809,0.348795833333333,1,1,1,0.398623809523809,1
"AURKA",1,1,1,1,1,1,1,0.996559523809524,1,1,1
"AURKB",0.232530555555556,0.754537925170068,0.265749206349206,1,0.0664373015873016,0.332186507936508,1,0.332186507936508,1,0.376478042328042,1
"AURKC",0.465061111111111,0.631154365079365,1,0.597935714285714,1,1,1,0.938426884920635,1,1,1
"ABL",1,0.43184246031746,0.70866455026455,1,0.896903571428571,0.43184246031746,0.943409682539682,1,1,1,1
"ALK",0.083046626984127,0.941195105820106,0.238066997354497,0.941195105820106,0.083046626984127,0.238066997354497,0.238066997354497,0.768774489795918,1,0.166093253968254,0.969984603174603
"SRC",1,1,0.98548664021164,1,1,1,1,0.597935714285714,1,0.98548664021164,1
"CDK1",0.730810317460318,1,1,0.730810317460318,1,0.730810317460318,1,0.730810317460318,1,1,0.730810317460318
"CDK2",0,0.274053869047619,0.581326388888889,0.631154365079365,0.132874603174603,0.132874603174603,1,0.73911498015873,0.764028968253968,1,0.581326388888889
"CDK5",1,0.265749206349206,1,1,1,1,1,1,1,1,1
"CDK7",0.591291984126984,0.82572074829932,0.917665228174603,1,0.0332186507936508,0.82572074829932,0.581326388888889,0.581326388888889,1,0.581326388888889,1
"CDK9",0.0166093253968254,0.39862380952381,0.887843939393939,0.423537797619048,0.0166093253968254,0.387550925925926,0.847075595238095,0.39862380952381,0.752956084656085,0.39862380952381,0.39862380952381
"PKC",1,0.531498412698413,0.531498412698413,1,0.531498412698413,1,1,1,1,0.704235396825397,0.531498412698413
"CDK4",0,0.603472156084656,0.157788591269841,0.157788591269841,1,0.603472156084656,1,1,0.0498279761904762,1,1
"LCK",0.332186507936508,0.838770932539683,0.332186507936508,0.669118537414966,0.332186507936508,0.669118537414966,1,1,0.332186507936508,0.669118537414966,1
"BMX",0.938426884920635,1,1,1,1,1,1,0.938426884920635,1,0.938426884920635,0.938426884920635
"PLK1",1,1,0.719737433862434,0.85039746031746,0.531498412698413,1,1,0.719737433862434,1,0.838770932539683,1
"PLK3",0,0.343259391534392,0.132874603174603,0.833788134920635,0.0166093253968254,0.285680396825397,0.754537925170068,0.224225892857143,0.833788134920635,0.833788134920635,0.957301118326118
"IGF1R",0.539803075396825,0.756647045855379,0.664373015873016,1,0.539803075396825,1,0.669909457671958,0.539803075396825,0.756647045855379,0.539803075396825,0.756647045855379
"IR",1,0.942579216269841,0.465061111111111,0.896903571428571,0.896903571428571,1,1,0.942579216269841,0.942579216269841,0.942579216269841,0.465061111111111
"MTOR",1,1,0.498279761904762,1,1,1,1,1,1,1,1
"AKT1",0,1,1,0.564717063492063,1,0.382014484126984,1,1,1,1,1
"AKT2",0.0664373015873016,1,1,0.730810317460317,1,0.680982341269841,1,1,1,1,1
"AKT3",1,1,0.730810317460317,0.98548664021164,1,1,0.98548664021164,1,1,1,1
"HDAC1",1,1,1,1,1,1,1,0,1,1,1
"IKK",1,1,1,1,1,1,1,1,1,1,1
"PI3Kbeta",0.870328650793651,0.132874603174603,0.870328650793651,1,0.514889087301587,1,1,1,1,1,0.870328650793651
"ERK5",0.166093253968254,0.647763690476191,1,0.744097777777778,1,0.744097777777778,1,1,1,1,0.744097777777778
"ERBB2",1,1,1,1,1,1,1,1,1,1,1
"ROCK1",1,0.747419642857143,0.747419642857143,1,0.747419642857143,1,1,1,1,0.747419642857143,1
"ROCK2",0.365405158730159,0.365405158730159,0.365405158730159,1,0.959188541666667,0.365405158730159,0.959188541666667,1,0.959188541666667,1,0.959188541666667
"DNA crosslinker",1,0.797247619047619,1,1,0.43184246031746,0.819393386243386,1,1,1,1,1
"Microtubule destabiliser",1,1,1,1,1,1,1,1,1,1,1
"AR",1,0.354332275132275,1,1,0.332186507936508,0.354332275132275,1,1,1,1,1
"ATM",1,1,1,1,1,1,1,1,1,1,1
"FLT1",1,1,1,1,1,1,1,1,1,1,1
"GSK3A",0.888598908730159,0.902440013227513,0.697591666666667,1,0.863684920634921,1,1,1,1,0.697591666666667,0.902440013227513
"GSK3B",1,1,0.813856944444445,1,1,1,1,1,1,0.813856944444445,1
"PDGFRA",1,0.764028968253968,1,0.764028968253968,1,1,1,1,0.764028968253968,1,1
"VEGFR2",1,1,1,1,1,1,1,1,1,1,1
"FGFR1",0.996559523809524,1,1,0.996559523809524,0.996559523809524,1,1,1,1,0.996559523809524,1
"TIE2",1,1,1,0.819393386243386,0.819393386243386,1,1,0.564717063492064,1,1,1
"JNK2",1,1,0.514889087301587,1,0.514889087301587,1,1,1,1,1,1
"BRD2",1,1,1,1,1,1,1,1,1,1,1
"BRD3",1,1,1,1,1,1,1,1,1,1,1
"BRD4",0.298967857142857,1,1,1,1,0.6754458994709,1,0.6754458994709,1,1,1
"BRDT",0.524854682539683,0.524854682539683,0.524854682539683,0.524854682539683,0.6754458994709,0.745046882086168,0.841539153439153,0.841539153439153,0.945221608946609,0.870328650793651,0.524854682539683
"FNTA",1,0.514889087301587,1,1,1,1,0.98548664021164,1,1,1,0.132874603174603
"PDK1 (PDPK1)",1,1,1,1,1,1,1,1,1,1,1
"BCL2",0.365405158730159,1,1,0.855380257936508,1,0.365405158730159,0.983272063492064,1,0.365405158730159,1,1
"BCL-XL",0.556412400793651,1,1,0.556412400793651,1,0.556412400793651,1,0.690947936507937,0.556412400793651,1,1
"BCL-W",0.987068480725623,1,1,1,0.509352645502645,1,0.890259841269841,0.509352645502645,0.509352645502645,0.987068480725623,0.597935714285714
"MCL1",1,1,1,1,1,1,1,1,0.730810317460317,1,1
"dsDNA break",1,0.930122222222222,1,1,0.930122222222222,0.930122222222222,1,1,1,1,1
"BTK",1,1,1,1,1,1,1,1,1,1,1
"HSP90",0.975797867063492,0.975797867063492,0.975797867063492,1,0.975797867063492,0.975797867063492,1,0.975797867063492,0.975797867063492,1,0.975797867063492
"PDGFRB",0.972831916099773,0.972831916099773,0.972831916099773,0.972831916099773,0.972831916099773,1,1,1,0.972831916099773,1,0.972831916099773
"IKK2",1,1,0.755724305555556,1,0.719737433862434,1,1,0.719737433862434,1,1,0.39862380952381
"Amyloid beta20",1,1,1,1,1,1,1,0.465061111111111,1,1,1
"Amyloid beta40",1,0.730810317460317,1,1,1,1,1,0.265749206349206,1,1,1
"JAK2",0.385336349206349,0.385336349206349,1,1,0.385336349206349,0.385336349206349,1,0.385336349206349,0.92458578042328,1,0.939613265306122
"JNK1",0.548107738095238,0.232530555555556,0.979950198412698,0.548107738095238,1,1,1,0.757385238095238,1,1,0.0996559523809524
"CDK6",0.9448860670194,0.797247619047619,1,0.39862380952381,0.232530555555556,0.85893939909297,0.797247619047619,0.85893939909297,0.9448860670194,0.85893939909297,1
"PI3K (class 1)",0.642227248677249,0.642227248677249,0.642227248677249,1,1,1,1,1,0.971645535714286,1,1
"PI3Kgamma",0.518210952380952,1,1,0.518210952380952,0.518210952380952,1,1,0.518210952380952,1,1,0.232530555555556
"RSK",1,1,0.963340873015873,1,1,1,1,1,1,1,1
"G9a and GLP",1,1,1,1,1,1,1,1,1,1,1
"FLT4",1,1,0.841539153439153,1,0.841539153439153,1,1,0.841539153439153,1,1,1
"NTRK2",1,1,1,1,1,1,1,1,1,1,1
"LTK",1,1,1,1,1,1,1,1,1,1,1
"TAK1",0.298967857142857,1,0.791711177248677,0.232530555555556,1,0.473365773809524,0.791711177248677,0.925376700680272,1,1,0.232530555555556
"ERK2",0.764028968253968,0.493534240362812,0.254676322751323,0.863684920634921,0.254676322751323,0.863684920634921,0.493534240362812,0.254676322751323,0.493534240362812,0.863684920634921,0.493534240362812
"HDAC6",0.636690806878307,1,0.166093253968254,1,0.166093253968254,0.564717063492064,0.564717063492064,1,1,0.636690806878307,1
"VEGFR1",0.870328650793651,0.686518783068783,1,1,0.597935714285714,0.597935714285714,1,0.963340873015873,1,1,0.870328650793651
"VEGFR3",0.420769576719577,0.43184246031746,1,1,0.382014484126984,0.382014484126984,1,0.777316428571429,1,1,0.786174735449735
"MTORC2",0.531498412698413,0.531498412698413,0.70866455026455,1,0.531498412698413,0.531498412698413,0.83995731292517,1,1,0.531498412698413,1
"PIM3",1,1,1,1,1,1,1,1,1,1,1
"ALK5",1,1,1,1,1,1,1,1,1,1,0.199311904761905
"TNKS1",0.930122222222222,0.808320502645503,0.808320502645503,0.808320502645503,0.975797867063492,0.975797867063492,1,0.930122222222222,1,1,0.975797867063492
"TNKS2",0.915885657596372,0.764028968253968,0.764028968253968,0.764028968253968,0.915885657596372,0.925969890873016,1,0.764028968253968,1,1,0.915885657596372
"TOP1",1,1,1,1,1,1,1,1,1,1,1
"Antimetabolite",1,0.847075595238095,1,0.752956084656085,1,1,1,0.481670436507937,1,0.481670436507937,1
"MEK1",0.0332186507936508,0.956697142857143,0.956697142857143,0.0332186507936508,0.473365773809524,0.704235396825397,0.880294246031746,1,0.956697142857143,0.956697142857143,0.473365773809524
"MEK2",0.0166093253968254,0.793556657848325,0.793556657848325,0,0.548107738095238,0.730810317460318,0.793556657848325,1,0.793556657848325,0.986593928571429,0.343259391534392
"PARP1",1,1,1,0.365405158730159,1,1,1,1,1,1,1
"PARP2",1,1,1,0.863684920634921,1,1,1,1,1,1,1
"CHEK1",0.199311904761905,1,1,1,0.199311904761905,0.318899047619048,1,0.199311904761905,1,0.199311904761905,1
"NTRK1",1,1,0.332186507936508,1,1,1,1,1,1,1,1
"p38",1,1,1,1,1,1,1,1,1,1,1
"MDM2",0.274053869047619,1,0.716573752834467,0.274053869047619,0.274053869047619,0.716573752834467,0.716573752834467,1,1,0.992407192460317,0.0332186507936508
