"","EGFR","Hypoxia","JAK.STAT","MAPK","NFkB","PI3K","TGFb","TNFa","Trail","VEGF","p53"
"EGFR",0.331,0.069,0.212,0.147,0.057,0.043,0.238,0.306,0.394,0.297,0.461
"MTORC1",0.002,0.211,0.109,0.121,0.002,0.046,0.161,0.021,0.268,0.131,0.11
"PDGFR",0.022,0.022,0.178,0.369,0.026,0.02,0.515,0.527,0.184,0.09,0.302
"KIT",0.231,0.205,0.313,0.264,0.271,0.293,0.216,0.379,0.332,0.28,0.487
"VEGFR",0.619,0.557,0.064,0.308,0.434,0.344,0.098,0.273,0.401,0.267,0.162
"FLT3",0.003,0.462,0.182,0.239,0.447,0.046,0.484,0.401,0.376,0.485,0.057
"RET",0,0.275,0.218,0.01,0.492,0.125,0.169,0.005,0.544,0.363,0.031
"CSF1R",0.089,0.052,0.444,0.147,0.077,0.225,0.301,0.085,0.229,0.118,0.262
"MET",0.117,0.113,0.235,0.17,0.438,0.23,0.437,0.196,0.123,0.127,0.22
"Proteasome",0.124,0.255,0.058,0.13,0.086,0.373,0.512,0.529,0.119,0.081,0.123
"Microtubule stabiliser",0.429,0.539,0.059,0.19,0.1,0.376,0.196,0.043,0.405,0.366,0.095
"SMO",0.313,0.014,0.135,0.196,0.021,0.088,0.102,0.151,0.333,0.484,0.199
"BRAF",0.007,0.072,0.258,0.049,0.067,0.021,0.309,0.411,0.444,0.055,0.327
"AURKA",0.13,0.133,0.174,0.07,0.278,0.281,0.601,0.03,0.363,0.216,0.212
"AURKB",0.014,0.159,0.024,0.557,0.002,0.05,0.263,0.044,0.398,0.068,0.317
"AURKC",0.014,0.057,0.191,0.036,0.306,0.339,0.288,0.113,0.214,0.535,0.48
"ABL",0.191,0.02,0.064,0.291,0.108,0.026,0.142,0.415,0.415,0.428,0.477
"ALK",0.005,0.231,0.03,0.255,0.004,0.04,0.043,0.162,0.483,0.015,0.292
"SRC",0.316,0.336,0.078,0.485,0.381,0.152,0.422,0.018,0.213,0.089,0.48
"CDK1",0.052,0.262,0.563,0.104,0.56,0.11,0.265,0.102,0.31,0.216,0.053
"CDK2",0,0.033,0.09,0.133,0.009,0.012,0.378,0.178,0.207,0.408,0.105
"CDK5",0.341,0.008,0.174,0.226,0.554,0.363,0.573,0.077,0.514,0.266,0.425
"CDK7",0.089,0.174,0.221,0.292,0.001,0.157,0.07,0.048,0.343,0.058,0.401
"CDK9",0.001,0.073,0.294,0.102,0.001,0.035,0.255,0.074,0.204,0.084,0.084
"PKC",0.421,0.054,0.064,0.287,0.06,0.226,0.196,0.287,0.469,0.106,0.032
"CDK4",0,0.098,0.019,0.016,0.503,0.109,0.422,0.434,0.003,0.425,0.292
"LCK",0.035,0.202,0.04,0.13,0.021,0.102,0.414,0.334,0.013,0.141,0.274
"BMX",0.113,0.22,0.5,0.399,0.29,0.327,0.273,0.03,0.396,0.113,0.093
"PLK1",0.438,0.336,0.045,0.128,0.016,0.245,0.305,0.065,0.399,0.101,0.562
"PLK3",0,0.062,0.012,0.226,0.001,0.043,0.159,0.027,0.251,0.251,0.317
"IGF1R",0.037,0.205,0.1,0.43,0.065,0.407,0.121,0.021,0.167,0.065,0.189
"IR",0.404,0.174,0.028,0.081,0.108,0.424,0.284,0.227,0.2,0.181,0.027
"MTOR",0.414,0.232,0.015,0.298,0.213,0.388,0.499,0.423,0.324,0.188,0.266
"AKT1",0,0.606,0.2,0.051,0.212,0.023,0.418,0.149,0.462,0.368,0.154
"AKT2",0.002,0.432,0.332,0.066,0.162,0.041,0.299,0.206,0.429,0.528,0.121
"AKT3",0.418,0.391,0.022,0.086,0.416,0.423,0.089,0.121,0.195,0.303,0.259
"HDAC1",0.483,0.261,0.216,0.125,0.17,0.258,0.35,0,0.28,0.546,0.154
"IKK",0.3,0.039,0.405,0.354,0.065,0.263,0.336,0.498,0.522,0.46,0.274
"PI3Kbeta",0.106,0.004,0.114,0.306,0.031,0.47,0.386,0.305,0.278,0.208,0.131
"ERK5",0.005,0.039,0.387,0.112,0.249,0.108,0.361,0.363,0.193,0.483,0.083
"ERBB2",0.367,0.322,0.303,0.109,0.211,0.365,0.46,0.323,0.207,0.365,0.336
"ROCK1",0.162,0.035,0.056,0.545,0.076,0.192,0.51,0.43,0.595,0.09,0.357
"ROCK2",0.013,0.038,0.028,0.279,0.225,0.044,0.228,0.419,0.153,0.543,0.231
"DNA crosslinker",0.286,0.048,0.314,0.324,0.013,0.074,0.514,0.246,0.248,0.248,0.508
"Microtubule destabiliser",0.439,0.1,0.124,0.199,0.473,0.376,0.318,0.346,0.378,0.383,0.039
"AR",0.133,0.031,0.384,0.41,0.01,0.032,0.396,0.192,0.219,0.227,0.4
"ATM",0.156,0.103,0.28,0.388,0.138,0.231,0.344,0.351,0.242,0.35,0.173
"FLT1",0.149,0.115,0.073,0.375,0.474,0.3,0.274,0.092,0.413,0.346,0.474
"GSK3A",0.107,0.163,0.034,0.692,0.078,0.358,0.538,0.321,0.551,0.042,0.138
"GSK3B",0.098,0.184,0.027,0.67,0.125,0.305,0.488,0.414,0.507,0.049,0.174
"PDGFRA",0.339,0.027,0.199,0.069,0.415,0.251,0.514,0.284,0.047,0.443,0.303
"VEGFR2",0.066,0.061,0.359,0.171,0.171,0.275,0.268,0.285,0.221,0.529,0.474
"FGFR1",0.12,0.237,0.33,0.102,0.087,0.421,0.396,0.19,0.176,0.093,0.444
"TIE2",0.413,0.451,0.21,0.072,0.074,0.128,0.344,0.017,0.48,0.445,0.273
"JNK2",0.096,0.476,0.031,0.184,0.025,0.195,0.488,0.511,0.238,0.371,0.441
"BRD2",0.249,0.424,0.495,0.318,0.131,0.141,0.431,0.07,0.344,0.142,0.389
"BRD3",0.319,0.364,0.481,0.39,0.122,0.167,0.347,0.071,0.34,0.219,0.501
"BRD4",0.009,0.368,0.311,0.454,0.387,0.048,0.443,0.061,0.492,0.169,0.261
"BRDT",0.069,0.079,0.075,0.076,0.122,0.157,0.228,0.208,0.313,0.262,0.04
"FNTA",0.279,0.031,0.352,0.629,0.157,0.252,0.089,0.133,0.259,0.4,0.004
"PDK1 (PDPK1)",0.155,0.381,0.113,0.394,0.039,0.161,0.325,0.307,0.248,0.126,0.417
"BCL2",0.015,0.516,0.435,0.103,0.284,0.033,0.148,0.423,0.028,0.226,0.307
"BCL-XL",0.048,0.335,0.468,0.067,0.307,0.064,0.299,0.104,0.038,0.43,0.304
"BCL-W",0.181,0.373,0.596,0.399,0.037,0.25,0.134,0.038,0.046,0.208,0.072
"MCL1",0.362,0.307,0.153,0.572,0.278,0.333,0.548,0.128,0.022,0.283,0.146
"dsDNA break",0.455,0.076,0.497,0.499,0.031,0.084,0.238,0.335,0.429,0.39,0.407
"BTK",0.356,0.311,0.299,0.357,0.283,0.084,0.303,0.477,0.047,0.338,0.39
"HSP90",0.222,0.088,0.235,0.36,0.183,0.103,0.406,0.041,0.13,0.301,0.211
"PDGFRB",0.134,0.079,0.169,0.2,0.156,0.443,0.316,0.277,0.205,0.391,0.075
"IKK2",0.5,0.482,0.091,0.302,0.046,0.597,0.403,0.065,0.423,0.28,0.012
"Amyloid beta20",0.224,0.167,0.206,0.242,0.296,0.513,0.345,0.014,0.384,0.521,0.413
"Amyloid beta40",0.211,0.044,0.132,0.36,0.31,0.349,0.298,0.008,0.401,0.407,0.344
"JAK2",0.021,0.049,0.303,0.29,0.03,0.049,0.534,0.058,0.167,0.382,0.198
"JNK1",0.066,0.014,0.177,0.053,0.513,0.297,0.338,0.114,0.559,0.266,0.003
"CDK6",0.256,0.09,0.4,0.024,0.007,0.162,0.096,0.168,0.254,0.181,0.368
"PI3K (class 1)",0.028,0.058,0.049,0.181,0.163,0.244,0.31,0.523,0.117,0.423,0.488
"PI3Kgamma",0.044,0.508,0.317,0.051,0.07,0.249,0.297,0.078,0.359,0.317,0.007
"RSK",0.239,0.176,0.029,0.331,0.145,0.419,0.5,0.32,0.362,0.325,0.372
"G9a and GLP",0.394,0.061,0.278,0.452,0.222,0.485,0.179,0.321,0.088,0.343,0.494
"FLT4",0.121,0.427,0.069,0.377,0.076,0.321,0.338,0.072,0.327,0.233,0.361
"NTRK2",0.317,0.221,0.574,0.372,0.083,0.186,0.575,0.234,0.393,0.163,0.198
"LTK",0.275,0.172,0.105,0.3,0.453,0.402,0.397,0.182,0.412,0.474,0.161
"TAK1",0.027,0.442,0.143,0.012,0.25,0.057,0.138,0.195,0.362,0.304,0.014
"ERK2",0.184,0.072,0.023,0.272,0.017,0.286,0.104,0.008,0.092,0.267,0.1
"HDAC6",0.106,0.28,0.01,0.568,0.008,0.068,0.067,0.326,0.362,0.115,0.24
"VEGFR1",0.131,0.062,0.373,0.51,0.02,0.036,0.371,0.174,0.39,0.513,0.127
"VEGFR3",0.038,0.052,0.24,0.505,0.019,0.023,0.399,0.117,0.303,0.422,0.142
"MTORC2",0.078,0.072,0.128,0.331,0.035,0.079,0.177,0.602,0.394,0.08,0.471
"PIM3",0.496,0.289,0.167,0.061,0.377,0.205,0.387,0.051,0.229,0.204,0.366
"ALK5",0.119,0.452,0.366,0.506,0.368,0.604,0.399,0.345,0.363,0.492,0.006
"TNKS1",0.14,0.053,0.073,0.051,0.235,0.223,0.308,0.116,0.286,0.494,0.189
"TNKS2",0.192,0.092,0.092,0.071,0.188,0.223,0.35,0.084,0.288,0.594,0.193
"TOP1",0.335,0.061,0.388,0.127,0.299,0.281,0.412,0.204,0.16,0.334,0.442
"Antimetabolite",0.423,0.102,0.25,0.068,0.24,0.241,0.353,0.025,0.511,0.029,0.378
"MEK1",0.002,0.261,0.288,0.001,0.05,0.106,0.159,0.459,0.228,0.268,0.057
"MEK2",0.001,0.208,0.215,0,0.066,0.11,0.173,0.495,0.207,0.297,0.031
"PARP1",0.065,0.323,0.484,0.011,0.138,0.194,0.41,0.314,0.533,0.337,0.464
"PARP2",0.08,0.188,0.471,0.026,0.143,0.174,0.356,0.264,0.417,0.292,0.517
"CHEK1",0.009,0.26,0.392,0.333,0.019,0.048,0.602,0.012,0.38,0.024,0.275
"NTRK1",0.235,0.433,0.01,0.577,0.31,0.435,0.178,0.56,0.382,0.616,0.28
"p38",0.408,0.317,0.207,0.114,0.098,0.281,0.116,0.442,0.355,0.321,0.204
"MDM2",0.021,0.468,0.125,0.033,0.032,0.151,0.136,0.36,0.331,0.239,0.001
