"","EGFR","Hypoxia","JAK.STAT","MAPK","NFkB","PI3K","TGFb","TNFa","Trail","VEGF","p53"
"EGFR",0.155,0.33,0.612,0.341,0.001,0.551,0.161,0.002,0.271,0.016,0.086
"MTORC1",0.284,0.468,0.129,0.04,0.441,0.203,0.213,0.419,0.142,0.009,0.321
"PDGFR",0.091,0.208,0.07,0.032,0.433,0.381,0.02,0.026,0.197,0.397,0.526
"KIT",0,0.228,0.078,0.048,0.534,0.068,0.275,0.012,0.257,0.138,0.302
"VEGFR",0,0.309,0.101,0.07,0.001,0.24,0.002,0.034,0.198,0.389,0.446
"FLT3",0.026,0.309,0.281,0.015,0,0.093,0.053,0,0.032,0.343,0.385
"RET",0.024,0.151,0.257,0.26,0.321,0.171,0.33,0.395,0.056,0.102,0.205
"CSF1R",0.002,0.373,0.099,0,0,0.008,0.03,0.001,0.221,0.374,0.287
"MET",0.335,0.449,0.426,0.16,0.338,0.375,0.003,0.028,0.357,0.035,0.439
"Proteasome",0.257,0.28,0.035,0.343,0.003,0.249,0.498,0.012,0.485,0.485,0.118
"Microtubule stabiliser",0.118,0.222,0.198,0.343,0.016,0.532,0.303,0.018,0.179,0.189,0.376
"SMO",0.462,0.358,0.238,0.283,0,0.222,0.2,0,0.253,0.123,0.398
"BRAF",0.097,0.088,0.451,0.027,0.404,0.18,0.308,0.001,0.063,0.072,0.216
"AURKA",0.002,0.03,0.007,0,0.002,0.223,0.005,0,0.564,0.34,0.58
"AURKB",0,0.027,0.028,0.001,0.144,0.183,0.063,0.001,0.47,0.131,0.12
"AURKC",0.162,0.099,0.029,0.001,0,0.305,0.158,0.002,0.322,0.123,0.255
"ABL",0.066,0.249,0.454,0.05,0.032,0.024,0.148,0,0.063,0.422,0.597
"ALK",0.337,0.161,0.303,0.271,0.494,0.115,0.148,0.007,0.501,0.127,0.175
"SRC",0.041,0.012,0.373,0.061,0.019,0.084,0.01,0.003,0.39,0.022,0.497
"CDK1",0.517,0.026,0.367,0.003,0.439,0.184,0.042,0.109,0.135,0.363,0.026
"CDK2",0.005,0.43,0.036,0.12,0.016,0.184,0.143,0,0.288,0.078,0.242
"CDK5",0.013,0.043,0.355,0.147,0.268,0.52,0.129,0.037,0.061,0.019,0.315
"CDK7",0.463,0.507,0.261,0.031,0.022,0.151,0.008,0,0.207,0.17,0.379
"CDK9",0.174,0.148,0.292,0.004,0.422,0.161,0.2,0.076,0.371,0.184,0.32
"PKC",0.019,0.42,0.503,0.423,0.483,0.184,0.046,0.031,0.383,0.11,0.465
"CDK4",0.025,0.294,0.515,0.011,0.428,0.509,0,0.209,0.306,0.254,0.458
"LCK",0.388,0.054,0.373,0.218,0.008,0.011,0.019,0,0.371,0.354,0.419
"BMX",0.072,0.072,0.105,0,0,0.29,0.453,0.022,0.01,0.02,0.39
"PLK1",0.025,0.31,0.117,0.148,0.063,0.442,0.07,0.012,0.446,0.237,0.214
"PLK3",0.015,0.29,0.112,0.019,0.062,0.309,0.197,0.003,0.041,0.117,0.451
"IGF1R",0.128,0.187,0.113,0.221,0.069,0.006,0.062,0.158,0.067,0.438,0.288
"IR",0.1,0.031,0.377,0.232,0.327,0.514,0.217,0.028,0.466,0.426,0.285
"MTOR",0.117,0.124,0.379,0.236,0.105,0.294,0.078,0.208,0.075,0.249,0.388
"AKT1",0.004,0.149,0.252,0.091,0.147,0.324,0.026,0,0.376,0.011,0.063
"AKT2",0.007,0.238,0.229,0.132,0.116,0.278,0.044,0,0.499,0.038,0.06
"AKT3",0.204,0.441,0.031,0.123,0.061,0.431,0.11,0.435,0.362,0.366,0.225
"HDAC1",0.235,0.025,0.008,0.321,0.087,0.569,0.006,0.326,0.156,0.167,0.125
"IKK",0.019,0.328,0.053,0.064,0.099,0.321,0.379,0.033,0.329,0.072,0.239
"PI3Kbeta",0.155,0.251,0.057,0.072,0.216,0.127,0.196,0,0.368,0,0.191
"ERK5",0.147,0.163,0.166,0.045,0.08,0.159,0.411,0,0.325,0.297,0.218
"ERBB2",0.003,0.12,0.173,0,0.012,0.197,0.349,0.002,0.356,0.448,0.316
"ROCK1",0.025,0.424,0.169,0.461,0.013,0.167,0.156,0.503,0.185,0.118,0.326
"ROCK2",0.567,0.127,0.165,0.383,0,0.307,0.176,0,0.063,0.094,0.398
"DNA crosslinker",0,0.454,0.064,0,0.353,0.347,0.178,0.114,0.296,0.43,0.019
"Microtubule destabiliser",0.006,0.583,0.371,0.05,0.026,0.25,0.317,0,0.243,0.045,0.349
"AR",0.235,0.255,0.384,0.144,0.005,0.32,0.235,0.002,0.358,0.049,0.15
"ATM",0.334,0.486,0.172,0.08,0.044,0.42,0.1,0.226,0.467,0.124,0.003
"FLT1",0.584,0.4,0.434,0.297,0.029,0.224,0.155,0.371,0.098,0.269,0.216
"GSK3A",0.451,0.19,0.083,0.143,0.046,0.327,0.003,0.005,0.199,0.563,0.495
"GSK3B",0.397,0.202,0.081,0.092,0.02,0.272,0.014,0,0.26,0.375,0.469
"PDGFRA",0.181,0.423,0.303,0.249,0,0.006,0.075,0.002,0.06,0.273,0.402
"VEGFR2",0,0.231,0.289,0.261,0.015,0.344,0.102,0.067,0.405,0.085,0.132
"FGFR1",0.016,0.184,0.394,0.253,0.335,0.407,0.025,0.002,0.165,0.152,0.288
"TIE2",0.187,0.189,0.343,0.214,0.056,0.522,0.385,0.207,0.467,0.274,0.14
"JNK2",0.436,0.464,0.49,0.132,0.005,0.233,0.101,0.002,0.495,0.186,0.49
"BRD2",0.546,0.296,0.066,0.548,0.187,0.29,0.056,0.187,0.455,0.029,0.181
"BRD3",0.6,0.256,0.054,0.512,0.223,0.379,0.055,0.131,0.552,0.024,0.138
"BRD4",0.04,0.115,0.385,0.018,0.023,0.345,0.056,0,0.131,0.034,0.267
"BRDT",0.171,0.276,0.003,0.003,0.031,0.547,0.141,0.079,0.602,0.517,0.278
"FNTA",0.011,0.342,0.047,0.031,0.007,0.35,0.145,0.027,0.076,0.117,0.073
"PDK1 (PDPK1)",0.177,0.111,0.215,0.263,0,0.157,0.292,0,0.578,0.097,0.577
"BCL2",0.088,0.036,0.281,0.148,0.411,0.406,0.314,0.394,0.366,0.094,0.464
"BCL-XL",0.126,0.031,0.307,0.145,0.395,0.512,0.313,0.406,0.402,0.124,0.479
"BCL-W",0.479,0.002,0.034,0.007,0.109,0.291,0.233,0.101,0.21,0.209,0.54
"MCL1",0.001,0.085,0.295,0.443,0.014,0.404,0.007,0.011,0.029,0.05,0.313
"dsDNA break",0,0.179,0.071,0,0.021,0.243,0.166,0.078,0.478,0.156,0.01
"BTK",0.109,0.113,0.049,0.291,0.264,0.279,0.162,0.087,0.255,0.008,0.439
"HSP90",0.61,0.454,0.017,0.24,0.036,0.283,0.089,0.503,0.383,0.091,0.373
"PDGFRB",0.02,0.136,0.133,0.18,0.237,0.19,0.285,0,0.282,0.099,0.465
"IKK2",0.105,0.233,0.097,0.007,0.002,0.416,0.056,0.024,0.116,0.432,0.196
"Amyloid beta20",0.007,0.325,0.242,0.071,0.041,0.481,0.006,0.534,0.161,0.041,0.085
"Amyloid beta40",0.025,0.321,0.154,0.068,0.062,0.417,0.01,0.319,0.184,0.027,0.141
"JAK2",0.028,0.282,0.425,0.02,0.216,0.527,0.476,0.002,0.167,0.363,0.209
"JNK1",0.214,0.213,0.513,0.097,0,0.089,0.455,0.015,0.024,0.233,0.078
"CDK6",0.013,0.054,0.512,0.003,0.003,0.531,0.194,0,0.133,0.304,0.246
"PI3K (class 1)",0.107,0.195,0.106,0.481,0.317,0.154,0.402,0,0.218,0.005,0.226
"PI3Kgamma",0.017,0.237,0.458,0.056,0.329,0.239,0.014,0.002,0.022,0.172,0.475
"RSK",0,0.196,0.424,0.012,0.107,0.465,0.086,0.253,0.125,0.002,0.043
"G9a and GLP",0.093,0.11,0.276,0.361,0.134,0.236,0.019,0,0.141,0.398,0.165
"FLT4",0.375,0.383,0.343,0.548,0.318,0.283,0.014,0.309,0.337,0.171,0.263
"NTRK2",0.01,0.147,0.315,0.036,0.153,0.364,0.137,0,0.162,0.527,0.212
"LTK",0.133,0.018,0.064,0.017,0.038,0.194,0.009,0.102,0.345,0.323,0.333
"TAK1",0,0.198,0.07,0.031,0.001,0.209,0.004,0.21,0.298,0.262,0.208
"ERK2",0.034,0.373,0.133,0.299,0.334,0.185,0.037,0.408,0.017,0.026,0.438
"HDAC6",0.06,0.021,0.169,0.026,0.153,0.298,0.054,0.043,0.129,0.227,0.471
"VEGFR1",0.002,0.388,0.226,0.092,0.261,0.115,0.082,0.104,0.501,0.233,0.358
"VEGFR3",0.001,0.51,0.179,0.048,0.215,0.114,0.162,0.118,0.514,0.22,0.332
"MTORC2",0.105,0.303,0.091,0.28,0.43,0.312,0.075,0.456,0.332,0.243,0.529
"PIM3",0.117,0.145,0.352,0.341,0.173,0.251,0.269,0.014,0.398,0.002,0.385
"ALK5",0.181,0.4,0.154,0.159,0,0.574,0.029,0,0.569,0.121,0.459
"TNKS1",0.003,0.221,0.07,0.065,0.012,0.321,0.425,0.146,0.184,0.128,0.31
"TNKS2",0.001,0.341,0.063,0.074,0.018,0.282,0.336,0.213,0.235,0.181,0.271
"TOP1",0.001,0.397,0.172,0,0.329,0.347,0.08,0.349,0.075,0.121,0.169
"Antimetabolite",0.007,0.407,0.313,0.001,0.133,0.26,0.027,0.118,0.239,0.462,0.348
"MEK1",0.01,0.428,0.351,0.265,0.01,0.08,0.002,0.013,0.021,0.222,0.423
"MEK2",0.003,0.39,0.313,0.357,0.003,0.077,0,0.026,0.018,0.168,0.436
"PARP1",0.143,0.161,0.258,0.018,0.539,0.245,0.217,0.28,0.092,0.319,0.051
"PARP2",0.085,0.158,0.252,0.024,0.333,0.293,0.245,0.411,0.126,0.119,0.068
"CHEK1",0.039,0.095,0.009,0.092,0.121,0.493,0.085,0.308,0.168,0.139,0.261
"NTRK1",0.007,0.137,0.055,0.068,0.332,0.431,0.009,0.142,0.518,0.133,0.233
"p38",0.254,0.161,0.017,0.39,0,0.178,0.059,0.007,0.158,0.368,0.291
"MDM2",0.55,0.289,0.184,0.507,0.327,0.449,0.022,0.26,0.059,0.059,0.033
