"","EGFR","Hypoxia","JAK.STAT","MAPK","NFkB","PI3K","TGFb","TNFa","Trail","VEGF","p53"
"EGFR",0.89136712962963,1,1,1,0.0332186507936508,1,0.89136712962963,0.0332186507936508,1,0.177166137566138,0.714200992063492
"MTORC1",1,1,1,0.664373015873016,1,1,1,1,1,0.298967857142857,1
"PDGFR",0.604579444444444,0.987068480725623,0.581326388888889,0.354332275132275,1,1,0.354332275132275,0.354332275132275,0.987068480725623,1,1
"KIT",0,1,0.518210952380952,0.518210952380952,1,0.518210952380952,1,0.199311904761905,1,0.764028968253968,1
"VEGFR",0,1,0.559180621693122,0.465061111111111,0.0166093253968254,0.996559523809524,0.0221457671957672,0.282358531746032,0.939613265306122,1,1
"FLT3",0.212599365079365,1,1,0.166093253968254,0,0.441333503401361,0.293431415343915,0,0.212599365079365,1,1
"RET",0.797247619047619,1,1,1,1,1,1,1,0.930122222222222,1,1
"CSF1R",0.0166093253968254,1,0.469806632653061,0,0,0.0531498412698413,0.166093253968254,0.0110728835978836,0.917665228174603,1,1
"MET",1,1,1,1,1,1,0.0996559523809524,0.387550925925926,1,0.387550925925926,1
"Proteasome",1,1,0.387550925925926,1,0.0996559523809524,1,1,0.199311904761905,1,1,0.979950198412698
"Microtubule stabiliser",1,1,1,1,0.298967857142857,1,1,0.298967857142857,1,1,1
"SMO",1,1,1,1,0,1,1,0,1,1,1
"BRAF",0.537034854497355,0.537034854497355,1,0.448451785714286,1,0.85419387755102,1,0.0332186507936508,0.537034854497355,0.537034854497355,0.896903571428571
"AURKA",0.0166093253968254,0.142365646258503,0.0387550925925926,0,0.0166093253968254,0.925969890873016,0.0332186507936508,0,1,1,1
"AURKB",0,0.186024444444444,0.186024444444444,0.0110728835978836,0.531498412698413,0.60790130952381,0.348795833333333,0.0110728835978836,1,0.531498412698413,0.531498412698413
"AURKC",0.672677678571429,0.657729285714286,0.240835218253968,0.0166093253968254,0,0.972400505050505,0.672677678571429,0.0221457671957672,0.972400505050505,0.672677678571429,0.941195105820106
"ABL",0.365405158730159,1,1,0.365405158730159,0.354332275132275,0.354332275132275,0.702337188208617,0,0.365405158730159,1,1
"ALK",1,0.968877314814815,1,1,1,0.968877314814815,0.968877314814815,0.232530555555556,1,0.968877314814815,0.968877314814815
"SRC",0.226994113756614,0.132874603174603,1,0.289476814058957,0.146162063492064,0.348795833333333,0.132874603174603,0.0996559523809524,1,0.146162063492064,1
"CDK1",1,0.287894973544974,1,0.0996559523809524,1,0.873175963718821,0.348795833333333,0.724166587301587,0.747419642857143,1,0.287894973544974
"CDK2",0.083046626984127,1,0.298967857142857,0.664373015873016,0.177166137566138,0.764028968253968,0.678609580498866,0,0.956697142857143,0.518210952380952,0.893212610229277
"CDK5",0.315577182539683,0.357100496031746,1,0.697591666666667,1,1,0.697591666666667,0.357100496031746,0.40526753968254,0.315577182539683,1
"CDK7",1,1,1,0.257444543650794,0.243603439153439,0.941195105820106,0.132874603174603,0,0.982322959183673,0.941195105820106,1
"CDK9",0.949104308390023,0.949104308390023,1,0.132874603174603,1,0.949104308390023,0.949104308390023,0.949104308390023,1,0.949104308390023,1
"PKC",0.509352645502645,1,1,1,1,1,0.509352645502645,0.509352645502645,1,0.913512896825397,1
"CDK4",0.27682208994709,1,1,0.182702579365079,1,1,0,1,1,1,1
"LCK",1,0.358761428571429,1,1,0.12180171957672,0.12180171957672,0.157788591269841,0,1,1,1
"BMX",0.341677551020408,0.341677551020408,0.435994791666667,0,0,1,1,0.146162063492064,0.110728835978836,0.146162063492064,1
"PLK1",0.415233134920635,1,0.777316428571429,0.819393386243386,0.581326388888889,1,0.581326388888889,0.39862380952381,1,0.984102529761905,0.984102529761905
"PLK3",0.210384788359788,1,0.555226020408163,0.210384788359788,0.41191126984127,1,0.818009275793651,0.0996559523809524,0.340491170634921,0.555226020408163,1
"IGF1R",0.70866455026455,0.776485962301587,0.70866455026455,0.815702425044092,0.573021726190476,0.199311904761905,0.573021726190476,0.749792403628118,0.573021726190476,1,0.956697142857143
"IR",1,0.514889087301587,1,1,1,1,1,0.514889087301587,1,1,1
"MTOR",0.82382253968254,0.82382253968254,1,1,0.82382253968254,1,0.82382253968254,1,0.82382253968254,1,1
"AKT1",0.0664373015873016,0.618697371031746,0.930122222222222,0.503816203703704,0.618697371031746,1,0.21592123015873,0,1,0.12180171957672,0.418555
"AKT2",0.116265277777778,0.878448765432099,0.878448765432099,0.626408843537415,0.626408843537415,0.923478492063492,0.365405158730159,0,1,0.365405158730159,0.39862380952381
"AKT3",1,1,1,1,1,1,1,1,1,1,1
"HDAC1",0.975797867063492,0.27682208994709,0.132874603174603,1,0.722505654761905,1,0.132874603174603,1,0.792502097505669,0.792502097505669,0.792502097505669
"IKK",0.478348571428571,1,0.478348571428571,0.478348571428571,0.548107738095238,1,1,0.478348571428571,1,0.478348571428571,1
"PI3Kbeta",0.797247619047619,0.833788134920635,0.597935714285714,0.597935714285714,0.797247619047619,0.797247619047619,0.797247619047619,0,1,0,0.797247619047619
"ERK5",0.787756575963719,0.787756575963719,0.787756575963719,0.747419642857143,0.787756575963719,0.787756575963719,1,0,1,1,0.905208234126984
"ERBB2",0.0332186507936508,0.797247619047619,0.934867743764172,0,0.0996559523809524,0.934867743764172,1,0.0332186507936508,1,1,1
"ROCK1",0.415233134920635,1,0.877921485260771,1,0.415233134920635,0.877921485260771,0.877921485260771,1,0.877921485260771,0.877921485260771,1
"ROCK2",1,0.83521179138322,0.83521179138322,1,0,1,0.83521179138322,0,0.697591666666667,0.780638293650794,1
"DNA crosslinker",0,1,0.531498412698413,0,1,1,0.98548664021164,0.757385238095238,1,1,0.210384788359788
"Microtubule destabiliser",0.0996559523809524,1,1,0.332186507936508,0.287894973544974,1,1,0,1,0.332186507936508,1
"AR",1,1,1,0.996559523809524,0.083046626984127,1,1,0.0664373015873016,1,0.542571296296296,0.996559523809524
"ATM",1,1,0.952267989417989,0.82382253968254,0.730810317460317,1,0.82382253968254,1,1,0.82382253968254,0.0996559523809524
"FLT1",1,1,1,1,0.963340873015873,1,1,1,1,1,1
"GSK3A",1,0.944358786848073,0.689287003968254,0.944358786848073,0.509352645502645,1,0.083046626984127,0.083046626984127,0.944358786848073,1,1
"GSK3B",1,1,0.611223174603175,0.611223174603175,0.221457671957672,1,0.221457671957672,0,1,1,1
"PDGFRA",1,1,1,1,0,0.0664373015873016,0.498279761904762,0.0332186507936508,0.498279761904762,1,1
"VEGFR2",0,1,1,1,0.249139880952381,1,0.677660476190476,0.677660476190476,1,0.677660476190476,0.730810317460317
"FGFR1",0.265749206349206,1,1,1,1,1,0.27682208994709,0.0664373015873016,1,1,1
"TIE2",1,1,1,1,1,1,1,1,1,1,1
"JNK2",1,1,1,1,0.083046626984127,1,1,0.0664373015873016,1,1,1
"BRD2",1,1,0.730810317460317,1,1,1,0.730810317460317,1,1,0.730810317460317,1
"BRD3",1,1,0.609008597883598,1,1,1,0.609008597883598,0.916834761904762,1,0.609008597883598,0.916834761904762
"BRD4",0.265749206349206,0.543955406746032,1,0.254676322751323,0.254676322751323,1,0.310040740740741,0,0.543955406746032,0.265749206349206,0.98548664021164
"BRDT",0.946731547619048,1,0.0498279761904762,0.0498279761904762,0.343259391534392,1,0.936765952380952,0.656068353174603,1,1,1
"FNTA",0.182702579365079,1,0.312255317460317,0.257444543650794,0.182702579365079,1,0.535189373897707,0.257444543650794,0.360659637188209,0.485822767857143,0.360659637188209
"PDK1 (PDPK1)",0.979950198412698,0.92181755952381,1,1,0,0.979950198412698,1,0,1,0.92181755952381,1
"BCL2",1,1,1,1,1,1,1,1,1,1,1
"BCL-XL",1,1,1,1,1,1,1,1,1,1,1
"BCL-W",1,0.0664373015873016,0.376478042328042,0.116265277777778,0.724166587301587,1,0.967493204365079,0.724166587301587,0.967493204365079,0.967493204365079,1
"MCL1",0.0332186507936508,0.40336933106576,1,1,0.116265277777778,1,0.116265277777778,0.116265277777778,0.192668174603175,0.27682208994709,1
"dsDNA break",0,0.660682054673721,0.43184246031746,0,0.174397916666667,0.807213214285714,0.660682054673721,0.43184246031746,1,0.660682054673721,0.110728835978836
"BTK",0.750741507936508,0.750741507936508,0.750741507936508,0.966662738095238,0.966662738095238,0.966662738095238,0.896903571428571,0.750741507936508,0.966662738095238,0.265749206349206,1
"HSP90",1,1,0.564717063492064,1,0.597935714285714,1,0.755724305555556,1,1,0.755724305555556,1
"PDGFRB",0.332186507936508,0.901649092970522,0.901649092970522,0.901649092970522,0.946731547619048,0.901649092970522,0.946731547619048,0,0.946731547619048,0.901649092970522,1
"IKK2",0.550480498866213,0.859993959435626,0.550480498866213,0.116265277777778,0.0664373015873016,1,0.465061111111111,0.265749206349206,0.550480498866213,1,0.813856944444445
"Amyloid beta20",0.116265277777778,1,1,0.470597552910053,0.340491170634921,1,0.116265277777778,1,0.764028968253968,0.340491170634921,0.470597552910053
"Amyloid beta40",0.298967857142857,1,0.730810317460317,0.451773650793651,0.451773650793651,1,0.298967857142857,1,0.764028968253968,0.298967857142857,0.730810317460317
"JAK2",0.310040740740741,1,1,0.310040740740741,1,1,1,0.0664373015873016,1,1,1
"JNK1",0.859993959435626,0.859993959435626,1,0.537034854497355,0,0.537034854497355,1,0.249139880952381,0.265749206349206,0.859993959435626,0.537034854497355
"CDK6",0.107960615079365,0.358761428571429,1,0.0332186507936508,0.0332186507936508,1,0.920631179138322,0,0.736346759259259,1,1
"PI3K (class 1)",0.888598908730159,0.938426884920635,0.888598908730159,1,1,0.938426884920635,1,0,0.938426884920635,0.083046626984127,0.938426884920635
"PI3Kgamma",0.182702579365079,0.992407192460317,1,0.372048888888889,1,0.992407192460317,0.182702579365079,0.0664373015873016,0.182702579365079,0.952267989417989,1
"RSK",0,0.813856944444445,1,0.132874603174603,0.592399272486772,1,0.571360793650794,0.933813183421517,0.593190192743764,0.0332186507936508,0.357100496031746
"G9a and GLP",0.780638293650794,0.780638293650794,1,1,0.780638293650794,0.979950198412698,0.315577182539683,0,0.780638293650794,1,0.783011054421769
"FLT4",1,1,1,1,1,1,0.465061111111111,1,1,1,1
"NTRK2",0.166093253968254,0.768774489795918,1,0.398623809523809,0.768774489795918,1,0.768774489795918,0,0.768774489795918,1,0.880294246031746
"LTK",0.631154365079365,0.199311904761905,0.42519873015873,0.199311904761905,0.315577182539683,0.805552281746032,0.199311904761905,0.564717063492063,1,1,1
"TAK1",0,0.775101851851852,0.465061111111111,0.257444543650794,0.0166093253968254,0.775101851851852,0.0442915343915344,0.775101851851852,0.899923448773449,0.870328650793651,0.775101851851852
"ERK2",0.30727251984127,1,0.883616111111111,1,1,1,0.30727251984127,1,0.30727251984127,0.30727251984127,1
"HDAC6",0.39862380952381,0.39862380952381,0.701743998015873,0.39862380952381,0.701743998015873,0.989915793650794,0.39862380952381,0.39862380952381,0.701743998015873,0.837848192239859,1
"VEGFR1",0.0664373015873016,1,1,0.764028968253968,1,0.764028968253968,0.764028968253968,0.764028968253968,1,1,1
"VEGFR3",0.0332186507936508,1,0.913512896825397,0.797247619047619,0.913512896825397,0.913512896825397,0.913512896825397,0.913512896825397,1,0.913512896825397,1
"MTORC2",1,1,1,1,1,1,1,1,1,1,1
"PIM3",1,1,1,1,1,1,1,0.232530555555556,1,0.0664373015873016,1
"ALK5",0.85893939909297,1,0.85893939909297,0.85893939909297,0,1,0.321113624338624,0,1,0.85893939909297,1
"TNKS1",0.0996559523809524,0.917665228174603,0.581326388888889,0.581326388888889,0.199311904761905,1,1,0.808320502645503,0.873175963718821,0.808320502645503,1
"TNKS2",0.0332186507936508,1,0.61454503968254,0.61454503968254,0.298967857142857,1,1,1,1,1,1
"TOP1",0.0166093253968254,1,0.816229705215419,0,1,1,0.664373015873016,1,0.664373015873016,0.803891349206349,0.816229705215419
"Antimetabolite",0.116265277777778,1,1,0.0332186507936508,0.883616111111111,1,0.298967857142857,0.883616111111111,1,1,1
"MEK1",0.107960615079365,1,1,1,0.107960615079365,0.442915343915344,0.0664373015873016,0.107960615079365,0.139518333333333,1,1
"MEK2",0.0332186507936508,1,1,1,0.0332186507936508,0.426306018518519,0,0.172736984126984,0.149483928571429,0.797247619047619,1
"PARP1",1,1,1,0.597935714285714,1,1,1,1,1,1,0.847075595238095
"PARP2",0.83711,0.874757804232804,1,0.797247619047619,1,1,1,1,0.83711,0.83711,0.83711
"CHEK1",0.631154365079365,0.631154365079365,0.298967857142857,0.631154365079365,0.659627494331066,1,0.631154365079365,1,0.697591666666667,0.659627494331066,0.963340873015873
"NTRK1",0.149483928571429,0.673864058956916,0.564717063492064,0.564717063492064,1,1,0.149483928571429,0.673864058956916,1,0.673864058956916,0.967493204365079
"p38",1,0.84470283446712,0.188239021164021,1,0,0.84470283446712,0.489975099206349,0.116265277777778,0.84470283446712,1,1
"MDM2",1,1,1,1,1,1,0.489975099206349,1,0.489975099206349,0.489975099206349,0.489975099206349
