"","EGFR","Hypoxia","JAK.STAT","MAPK","NFkB","PI3K","TGFb","TNFa","Trail","VEGF","p53"
"EGFR",0.147,0.355,0.213,0,0.334,0.107,0.191,0.052,0.385,0.459,0.168
"MTORC1",0.168,0.317,0.236,0.118,0.068,0.058,0.265,0.404,0.482,0.408,0.202
"PDGFR",0.088,0.466,0.405,0.188,0.09,0.276,0.125,0.252,0.383,0.135,0.119
"KIT",0.013,0.02,0.284,0.004,0.121,0.153,0.212,0.276,0.103,0.184,0.291
"VEGFR",0.092,0.019,0.514,0.37,0,0.09,0.235,0,0.039,0.205,0.378
"FLT3",0.135,0.116,0.23,0.026,0.127,0.375,0.284,0.029,0.014,0.397,0.065
"RET",0.047,0.195,0.125,0.004,0.447,0.236,0.07,0.245,0.011,0.143,0.092
"CSF1R",0.109,0.26,0.074,0.126,0.206,0.42,0.116,0.143,0.042,0.347,0.323
"MET",0.032,0.285,0.497,0.201,0.34,0.182,0.273,0.297,0.509,0.41,0.252
"Proteasome",0.594,0.178,0.16,0.342,0.116,0.332,0.28,0.008,0.095,0.026,0.138
"Microtubule stabiliser",0.434,0.014,0.078,0.25,0.058,0.177,0.399,0,0.298,0.374,0.083
"SMO",0.15,0.1,0.212,0.029,0.223,0.145,0.369,0.212,0.392,0.573,0.224
"BRAF",0.162,0.309,0.313,0.002,0.129,0.236,0.164,0.404,0.176,0.012,0.14
"AURKA",0.146,0.18,0.413,0.307,0.027,0.113,0.039,0.006,0.166,0.549,0.07
"AURKB",0.457,0.115,0.304,0.471,0.082,0.252,0.24,0,0.204,0.001,0.011
"AURKC",0.339,0.232,0.022,0.344,0.152,0.226,0.32,0.013,0.296,0.35,0.385
"ABL",0.34,0.309,0.225,0.076,0.027,0.053,0.034,0.32,0.338,0.006,0.3
"ALK",0.235,0.03,0.003,0.217,0.284,0.083,0.184,0.117,0.381,0.282,0.056
"SRC",0.116,0.376,0.252,0.302,0.231,0.085,0.506,0.073,0.004,0.271,0.426
"CDK1",0.114,0.151,0.009,0.006,0.001,0.23,0.169,0.13,0.074,0.16,0.245
"CDK2",0.094,0.259,0.032,0.304,0.15,0.027,0.553,0.082,0.054,0.469,0.527
"CDK5",0.072,0.383,0.11,0.561,0.143,0.026,0.153,0.329,0.043,0.211,0.264
"CDK7",0.23,0.15,0.023,0.171,0.013,0.047,0.315,0.138,0.558,0.097,0.323
"CDK9",0.078,0.312,0.025,0.308,0.217,0.054,0.331,0.117,0.02,0.028,0.344
"PKC",0.344,0.353,0.523,0.373,0.41,0.027,0.155,0.038,0.169,0.086,0.321
"CDK4",0.478,0.213,0.084,0.179,0.002,0.165,0.116,0.001,0.487,0.391,0.51
"LCK",0.036,0.101,0.437,0.169,0,0.066,0.4,0.001,0.045,0.427,0.42
"BMX",0.055,0.333,0.223,0,0.003,0.079,0.313,0.024,0.328,0.272,0.057
"PLK1",0.448,0.014,0.019,0.204,0.044,0.097,0.312,0,0.455,0.479,0.259
"PLK3",0.487,0.091,0.185,0.273,0.041,0.03,0.14,0.403,0.459,0.015,0.225
"IGF1R",0.349,0.022,0.003,0.051,0.041,0.242,0.498,0.126,0.431,0.49,0.129
"IR",0.023,0.018,0.087,0.275,0.079,0.037,0.323,0.054,0.324,0.147,0.261
"MTOR",0.273,0.167,0.097,0.057,0.16,0.371,0.085,0.318,0.428,0.241,0.341
"AKT1",0.457,0.494,0.055,0.015,0.068,0.124,0.482,0.485,0.424,0.327,0.159
"AKT2",0.499,0.328,0.142,0.058,0.062,0.142,0.513,0.196,0.324,0.209,0.225
"AKT3",0.429,0.251,0.192,0.043,0,0.364,0.25,0.002,0.358,0.219,0.469
"HDAC1",0.427,0.344,0.134,0.167,0.03,0.336,0.223,0,0.394,0.182,0.23
"IKK",0.357,0.097,0.282,0.412,0.336,0.155,0.392,0.359,0.178,0.302,0.303
"PI3Kbeta",0.264,0.01,0.18,0.56,0,0.102,0.124,0,0.599,0.491,0.206
"ERK5",0.105,0.435,0.096,0.52,0.414,0.037,0.057,0.537,0.173,0.146,0.529
"ERBB2",0.143,0.369,0.147,0,0.293,0.055,0.133,0.109,0.469,0.354,0.068
"ROCK1",0.322,0.303,0.271,0.123,0.137,0.117,0.374,0.04,0.519,0.083,0.393
"ROCK2",0.314,0.072,0.307,0.216,0.299,0.112,0.097,0.044,0.138,0.298,0.476
"DNA crosslinker",0.153,0.145,0.102,0.277,0.02,0.294,0.123,0,0.123,0.161,0.149
"Microtubule destabiliser",0.226,0.086,0.298,0.367,0.269,0.142,0.317,0.051,0.014,0.021,0.27
"AR",0.145,0.158,0.034,0.326,0.373,0.44,0.249,0.095,0.134,0.041,0.037
"ATM",0.246,0.278,0.277,0.06,0.303,0.119,0.379,0.089,0.373,0.022,0.094
"FLT1",0.37,0.303,0.2,0.106,0.161,0.222,0.19,0.424,0.119,0.073,0.012
"GSK3A",0.275,0.02,0.033,0.181,0.392,0.14,0.342,0.203,0.109,0.145,0.14
"GSK3B",0.331,0.038,0.039,0.163,0.381,0.156,0.36,0.295,0.084,0.094,0.184
"PDGFRA",0.141,0.494,0.132,0.561,0.01,0.001,0.344,0.063,0.311,0.582,0.241
"VEGFR2",0.146,0.257,0.221,0.297,0.095,0.346,0.03,0.004,0.335,0.293,0.189
"FGFR1",0.094,0.151,0.463,0.265,0.154,0.273,0.011,0.544,0.055,0.026,0.338
"TIE2",0.144,0.285,0.096,0.503,0.127,0.1,0.2,0.032,0.249,0.211,0.555
"JNK2",0.094,0.195,0.061,0.37,0.274,0.097,0.042,0.248,0.399,0.102,0.193
"BRD2",0.048,0.604,0.029,0.105,0.073,0.525,0.582,0,0.371,0.14,0.154
"BRD3",0.043,0.47,0.035,0.057,0.002,0.559,0.505,0,0.367,0.131,0.157
"BRD4",0.17,0.434,0.069,0.528,0.189,0.169,0.09,0.182,0.11,0.078,0.125
"BRDT",0.101,0.157,0.27,0.169,0.099,0.298,0.135,0.006,0.029,0.014,0.287
"FNTA",0.208,0.183,0.384,0.309,0.152,0.417,0.281,0.148,0.058,0.414,0.272
"PDK1 (PDPK1)",0.326,0.002,0.017,0.169,0.25,0.004,0.143,0.001,0.462,0.157,0.011
"BCL2",0.534,0.213,0.043,0.105,0.165,0.551,0.267,0.341,0.267,0.056,0.263
"BCL-XL",0.354,0.189,0.036,0.233,0.607,0.418,0.346,0.426,0.285,0.135,0.219
"BCL-W",0.538,0.205,0.162,0.226,0.09,0.25,0.327,0.122,0.419,0.537,0.462
"MCL1",0.385,0.093,0.165,0.012,0.193,0.229,0.253,0.07,0.186,0.152,0.537
"dsDNA break",0.535,0.266,0.083,0.451,0.195,0.397,0.125,0.01,0.048,0.049,0.041
"BTK",0.006,0.2,0.139,0.074,0.079,0.139,0.355,0.061,0.204,0.062,0.173
"HSP90",0.456,0.545,0.03,0.396,0.071,0.208,0.392,0.103,0.05,0.175,0.184
"PDGFRB",0.45,0.329,0.308,0.002,0.016,0.04,0.225,0.352,0.169,0.245,0.192
"IKK2",0.23,0.089,0.092,0.285,0.095,0.045,0.099,0.412,0.336,0.018,0.093
"Amyloid beta20",0.518,0.008,0.142,0.405,0.623,0.296,0.149,0.058,0.457,0.327,0.102
"Amyloid beta40",0.533,0.013,0.16,0.409,0.457,0.202,0.146,0.072,0.42,0.221,0.103
"JAK2",0.147,0.292,0.069,0.423,0.016,0.063,0.533,0.055,0.544,0.327,0.055
"JNK1",0.025,0.404,0.24,0.047,0.34,0.305,0.409,0.056,0.351,0.314,0.203
"CDK6",0.062,0.34,0.495,0.52,0.002,0.404,0.089,0.003,0.016,0.313,0.065
"PI3K (class 1)",0.326,0.261,0.477,0.063,0.193,0.062,0.386,0.044,0.068,0.32,0.316
"PI3Kgamma",0.089,0.359,0.337,0.094,0.027,0.337,0.247,0.16,0.215,0.333,0.263
"RSK",0.346,0.196,0.014,0.173,0.053,0.149,0.513,0,0.178,0.412,0.043
"G9a and GLP",0.005,0.102,0.041,0,0.001,0.188,0.084,0,0.158,0.01,0.026
"FLT4",0.243,0.425,0.132,0.427,0.243,0.092,0.197,0.228,0.176,0.15,0.372
"NTRK2",0.195,0.223,0.151,0.016,0.247,0.228,0.122,0.016,0.627,0.492,0.105
"LTK",0.287,0.166,0.044,0.249,0.246,0.058,0.303,0.055,0.196,0.111,0.258
"TAK1",0.321,0.543,0.207,0,0.236,0.081,0.211,0.39,0.071,0.082,0.218
"ERK2",0.357,0.373,0.471,0.001,0.381,0.315,0.3,0.493,0.158,0.461,0.156
"HDAC6",0.318,0.112,0.405,0.236,0.3,0.148,0.032,0,0.166,0.001,0.094
"VEGFR1",0.516,0.082,0.047,0.513,0.113,0.426,0.216,0.179,0.458,0.441,0.158
"VEGFR3",0.409,0.079,0.031,0.565,0.257,0.489,0.195,0.034,0.407,0.236,0.175
"MTORC2",0.013,0.031,0.263,0.11,0.01,0.063,0.456,0,0.138,0.143,0.305
"PIM3",0.033,0.128,0.238,0.065,0.004,0.122,0.172,0,0.153,0.206,0.184
"ALK5",0.339,0.618,0.283,0.348,0.572,0.353,0.224,0.027,0.045,0.026,0.059
"TNKS1",0.174,0.073,0.013,0.328,0.464,0.118,0.287,0.465,0.297,0.419,0.392
"TNKS2",0.167,0.094,0.024,0.301,0.533,0.105,0.342,0.544,0.346,0.432,0.28
"TOP1",0.323,0.268,0.069,0.442,0.009,0.507,0.489,0,0.089,0.282,0.026
"Antimetabolite",0.454,0.3,0.473,0.186,0.031,0.351,0.465,0.125,0.3,0.035,0.097
"MEK1",0.492,0.484,0.302,0.004,0.174,0.035,0.259,0.154,0.098,0.164,0.063
"MEK2",0.478,0.452,0.305,0.006,0.214,0.037,0.297,0.202,0.097,0.215,0.076
"PARP1",0.227,0.19,0.24,0.442,0,0.319,0.089,0,0.118,0.382,0.205
"PARP2",0.254,0.128,0.371,0.362,0.005,0.509,0.128,0,0.122,0.482,0.39
"CHEK1",0.285,0.362,0.493,0.228,0.109,0.054,0.074,0.512,0.423,0.244,0.032
"NTRK1",0.375,0.369,0.037,0.253,0.209,0.228,0.038,0.429,0.059,0.068,0.096
"p38",0.216,0.312,0.129,0.017,0,0.427,0.367,0.002,0.354,0.123,0.489
"MDM2",0.224,0.296,0.142,0.002,0.208,0.017,0.204,0.406,0.226,0.068,0.011
