"","EGFR","Hypoxia","JAK.STAT","MAPK","NFkB","PI3K","TGFb","TNFa","Trail","VEGF","p53"
"EGFR",1,1,1,0,1,1,1,0.863684920634921,1,1,1
"MTORC1",1,1,1,1,1,1,1,1,1,1,1
"PDGFR",0.896903571428572,1,1,1,0.896903571428572,1,0.896903571428572,1,1,0.896903571428572,0.896903571428572
"KIT",0.21592123015873,0.221457671957672,0.878784307359307,0.132874603174603,0.803891349206349,0.847075595238095,0.878784307359307,0.878784307359307,0.803891349206349,0.873175963718821,0.878784307359307
"VEGFR",0.509352645502645,0.210384788359788,1,1,0,0.509352645502645,0.975797867063492,0,0.323881845238095,0.972831916099773,1
"FLT3",0.640645408163265,0.640645408163265,0.95503621031746,0.321113624338624,0.640645408163265,1,1,0.321113624338624,0.321113624338624,1,0.539803075396825
"RET",0.520425529100529,0.809704613095238,0.678609580498866,0.132874603174603,1,0.813856944444445,0.581326388888889,0.813856944444445,0.182702579365079,0.678609580498866,0.611223174603175
"CSF1R",0.791711177248677,1,0.791711177248677,0.791711177248677,0.977577437641723,1,0.791711177248677,0.791711177248677,0.791711177248677,1,1
"MET",1,1,1,1,1,1,1,1,1,1,1
"Proteasome",1,0.84470283446712,0.84470283446712,1,0.84470283446712,1,1,0.265749206349206,0.84470283446712,0.43184246031746,0.84470283446712
"Microtubule stabiliser",1,0.232530555555556,0.551429603174603,1,0.551429603174603,0.979950198412698,1,0,1,1,0.551429603174603
"SMO",0.930122222222222,0.930122222222222,0.930122222222222,0.930122222222222,0.930122222222222,0.930122222222222,1,0.930122222222222,1,1,0.930122222222222
"BRAF",0.83521179138322,1,1,0.0664373015873016,0.83521179138322,0.979950198412698,0.83521179138322,1,0.83521179138322,0.199311904761905,0.83521179138322
"AURKA",0.747419642857143,0.747419642857143,1,1,0.43184246031746,0.747419642857143,0.43184246031746,0.199311904761905,0.747419642857143,1,0.581326388888889
"AURKB",1,0.764028968253968,1,1,0.680982341269841,1,1,0,1,0.0166093253968254,0.12180171957672
"AURKC",1,1,0.365405158730159,1,1,1,1,0.365405158730159,1,1,1
"ABL",1,1,1,0.504923492063492,0.376478042328042,0.440147123015873,0.376478042328042,1,1,0.199311904761905,1
"ALK",0.943409682539682,0.498279761904762,0.0996559523809524,0.943409682539682,0.943409682539682,0.689287003968254,0.943409682539682,0.777316428571429,1,0.943409682539682,0.620081481481481
"SRC",0.963340873015873,1,1,1,1,0.941195105820106,1,0.941195105820106,0.132874603174603,1,1
"CDK1",0.623772442680776,0.623772442680776,0.0996559523809524,0.0996559523809524,0.0332186507936508,0.73986994949495,0.623772442680776,0.623772442680776,0.61454503968254,0.623772442680776,0.73986994949495
"CDK2",0.624510634920635,1,0.531498412698413,1,0.83046626984127,0.531498412698413,1,0.624510634920635,0.597935714285714,1,1
"CDK5",0.797247619047619,1,0.847075595238095,1,0.847075595238095,0.714200992063492,0.847075595238095,1,0.714200992063492,1,1
"CDK7",0.95503621031746,0.811484183673469,0.382014484126984,0.811484183673469,0.382014484126984,0.520425529100529,1,0.811484183673469,1,0.805552281746032,1
"CDK9",0.518210952380952,1,0.310040740740741,1,1,0.448451785714286,1,0.647763690476191,0.310040740740741,0.310040740740741,1
"PKC",1,1,1,1,1,0.631154365079365,1,0.631154365079365,1,0.952267989417989,1
"CDK4",1,1,0.930122222222222,0.991023082010582,0.0332186507936508,0.991023082010582,0.963340873015873,0.0332186507936508,1,1,1
"LCK",0.373709821428571,0.559180621693122,1,0.801993140589569,0,0.438486190476191,1,0.0166093253968254,0.373709821428571,1,1
"BMX",0.378692619047619,1,1,0,0.0498279761904762,0.437378902116402,1,0.265749206349206,1,1,0.378692619047619
"PLK1",1,0.210384788359788,0.210384788359788,1,0.365405158730159,0.644441825396825,1,0,1,1,1
"PLK3",1,0.755724305555556,1,1,0.453988227513228,0.453988227513228,0.930122222222222,1,1,0.453988227513228,1
"IGF1R",1,0.365405158730159,0.0996559523809524,0.423537797619048,0.423537797619048,1,1,0.714200992063492,1,1,0.714200992063492
"IR",0.382014484126984,0.382014484126984,0.481670436507936,0.97844025974026,0.481670436507936,0.409696693121693,0.97844025974026,0.448451785714286,0.97844025974026,0.697591666666667,0.97844025974026
"MTOR",1,1,1,1,1,1,1,1,1,1,1
"AKT1",1,1,0.752956084656085,0.498279761904762,0.752956084656085,1,1,1,1,1,1
"AKT2",1,1,1,1,1,1,1,1,1,1,1
"AKT3",1,1,1,0.476133994708995,0,1,1,0.0332186507936508,1,1,1
"HDAC1",1,1,1,1,0.498279761904762,1,1,0,1,1,1
"IKK",1,1,1,1,1,1,1,1,1,1,1
"PI3Kbeta",1,0.110728835978836,0.977577437641723,1,0,0.82382253968254,0.82382253968254,0,1,1,0.977577437641723
"ERK5",0.871989583333333,1,0.871989583333333,1,1,0.871989583333333,0.871989583333333,1,0.957804431216931,0.957804431216931,1
"ERBB2",0.697591666666667,1,0.697591666666667,0,1,0.697591666666667,0.697591666666667,0.697591666666667,1,1,0.697591666666667
"ROCK1",1,1,1,0.910191031746032,0.910191031746032,0.910191031746032,1,0.910191031746032,1,0.910191031746032,1
"ROCK2",1,0.916834761904762,1,1,1,0.916834761904762,0.916834761904762,0.916834761904762,0.916834761904762,1,1
"DNA crosslinker",0.59424475308642,0.59424475308642,0.59424475308642,0.887843939393939,0.332186507936508,0.887843939393939,0.59424475308642,0,0.59424475308642,0.59424475308642,0.59424475308642
"Microtubule destabiliser",1,0.714200992063492,1,1,1,0.943409682539682,1,0.564717063492063,0.348795833333333,0.348795833333333,1
"AR",0.749792403628118,0.749792403628118,0.453988227513228,1,1,1,1,0.749792403628118,0.749792403628118,0.453988227513228,0.453988227513228
"ATM",1,1,1,0.780638293650794,1,0.790603888888889,1,0.780638293650794,1,0.730810317460317,0.780638293650794
"FLT1",1,1,0.92181755952381,0.92181755952381,0.92181755952381,0.92181755952381,0.92181755952381,1,0.92181755952381,0.92181755952381,0.39862380952381
"GSK3A",1,0.548107738095238,0.548107738095238,0.842923263888889,1,0.802784060846561,1,0.842923263888889,0.802784060846561,0.802784060846561,0.802784060846561
"GSK3B",1,0.647763690476191,0.647763690476191,0.873175963718821,1,0.873175963718821,1,1,0.780638293650794,0.780638293650794,0.873175963718821
"PDGFRA",0.936765952380952,1,0.936765952380952,1,0.166093253968254,0.0332186507936508,1,0.697591666666667,1,1,1
"VEGFR2",1,1,1,1,1,1,0.498279761904762,0.132874603174603,1,1,1
"FGFR1",0.780638293650794,0.852612037037037,1,1,0.852612037037037,1,0.365405158730159,1,0.609008597883598,0.43184246031746,1
"TIE2",0.956697142857143,1,0.956697142857143,1,0.956697142857143,0.956697142857143,1,0.956697142857143,1,1,1
"JNK2",0.677660476190476,0.925376700680272,0.677660476190476,1,1,0.677660476190476,0.677660476190476,1,1,0.677660476190476,0.925376700680272
"BRD2",0.531498412698413,1,0.481670436507937,0.697591666666667,0.606240376984127,1,1,0,1,0.730810317460317,0.730810317460317
"BRD3",0.357100496031746,1,0.357100496031746,0.378692619047619,0.0332186507936508,1,1,0,1,0.725273875661376,0.745046882086168
"BRD4",0.697591666666667,1,0.697591666666667,1,0.697591666666667,0.697591666666667,0.697591666666667,0.697591666666667,0.697591666666667,0.697591666666667,0.697591666666667
"BRDT",0.671016746031746,0.701743998015873,0.899923448773449,0.701743998015873,0.671016746031746,0.899923448773449,0.701743998015873,0.199311904761905,0.321113624338624,0.232530555555556,0.899923448773449
"FNTA",1,1,1,1,1,1,1,1,1,1,1
"PDK1 (PDPK1)",1,0.0332186507936508,0.112943412698413,0.701743998015873,0.922740299823633,0.0442915343915344,0.701743998015873,0.0332186507936508,1,0.701743998015873,0.0913512896825397
"BCL2",1,1,0.930122222222222,1,1,1,1,1,1,0.930122222222222,1
"BCL-XL",1,1,1,1,1,1,1,1,1,1,1
"BCL-W",1,1,1,1,1,1,1,1,1,1,1
"MCL1",1,0.915885657596372,0.915885657596372,0.39862380952381,0.915885657596372,0.933813183421517,0.933813183421517,0.915885657596372,0.915885657596372,0.915885657596372,1
"dsDNA break",1,1,0.551429603174603,1,0.925376700680272,1,0.692055224867725,0.332186507936508,0.406928472222222,0.406928472222222,0.406928472222222
"BTK",0.199311904761905,0.677660476190476,0.659627494331066,0.524854682539683,0.524854682539683,0.659627494331066,1,0.524854682539683,0.677660476190476,0.524854682539683,0.677660476190476
"HSP90",1,1,0.786174735449735,1,0.786174735449735,0.987068480725623,1,0.855380257936508,0.786174735449735,0.987068480725623,0.987068480725623
"PDGFRB",1,1,1,0.0664373015873016,0.265749206349206,0.442915343915344,1,1,1,1,1
"IKK2",0.95503621031746,0.469806632653061,0.469806632653061,1,0.469806632653061,0.469806632653061,0.469806632653061,1,1,0.469806632653061,0.469806632653061
"Amyloid beta20",1,0.265749206349206,0.989915793650794,1,1,1,0.989915793650794,0.963340873015873,1,1,0.989915793650794
"Amyloid beta40",1,0.43184246031746,1,1,1,1,1,1,1,1,1
"JAK2",0.813856944444444,1,0.458417380952381,1,0.458417380952381,0.458417380952381,1,0.458417380952381,1,1,0.458417380952381
"JNK1",0.620081481481481,1,1,0.620081481481481,1,1,1,0.620081481481481,1,1,1
"CDK6",0.43184246031746,1,1,1,0.0498279761904762,1,0.49274332010582,0.0498279761904762,0.177166137566138,1,0.43184246031746
"PI3K (class 1)",1,1,1,0.564717063492064,1,0.564717063492064,1,0.564717063492064,0.564717063492064,1,1
"PI3Kgamma",1,1,1,1,0.896903571428571,1,1,1,1,1,1
"RSK",1,0.813856944444445,0.232530555555556,0.813856944444445,0.440147123015873,0.813856944444445,1,0,0.813856944444445,1,0.440147123015873
"G9a and GLP",0.0415233134920635,0.376478042328042,0.194566383219955,0,0.0110728835978836,0.567736940836941,0.348795833333333,0,0.524854682539683,0.0664373015873016,0.143947486772487
"FLT4",1,1,1,1,1,1,1,1,1,1,1
"NTRK2",0.91166741622575,0.91166741622575,0.91166741622575,0.265749206349206,0.91166741622575,0.91166741622575,0.91166741622575,0.265749206349206,1,1,0.91166741622575
"LTK",0.915022835497835,0.915022835497835,0.642227248677249,0.915022835497835,0.915022835497835,0.642227248677249,0.915022835497835,0.642227248677249,0.915022835497835,0.915022835497835,0.915022835497835
"TAK1",1,1,0.979950198412698,0,0.979950198412698,0.680982341269841,0.979950198412698,1,0.680982341269841,0.680982341269841,0.979950198412698
"ERK2",1,1,1,0.0332186507936508,1,1,1,1,1,1,1
"HDAC6",1,0.744097777777778,1,0.979950198412698,1,0.787756575963719,0.354332275132275,0,0.787756575963719,0.0166093253968254,0.744097777777778
"VEGFR1",1,1,1,1,1,1,1,1,1,1,1
"VEGFR3",1,0.874757804232804,0.564717063492064,1,1,1,1,0.564717063492064,1,1,1
"MTORC2",0.143947486772487,0.257444543650794,0.970722795414462,0.593783382936508,0.143947486772487,0.418555,1,0,0.593783382936508,0.593783382936508,1
"PIM3",0.365405158730159,0.679136860670194,0.718730808080808,0.539803075396825,0.0664373015873016,0.679136860670194,0.679136860670194,0,0.679136860670194,0.684304206349206,0.679136860670194
"ALK5",1,1,1,1,1,1,1,0.448451785714286,0.489975099206349,0.448451785714286,0.489975099206349
"TNKS1",1,1,0.43184246031746,1,1,1,1,1,1,1,1
"TNKS2",1,1,0.797247619047619,1,1,1,1,1,1,1,1
"TOP1",1,1,0.573021726190476,1,0.149483928571429,1,1,0,0.591291984126984,1,0.287894973544974
"Antimetabolite",1,1,1,1,0.581326388888889,1,1,1,1,0.581326388888889,1
"MEK1",1,1,1,0.132874603174603,0.82572074829932,0.581326388888889,1,0.82572074829932,0.813856944444445,0.82572074829932,0.697591666666667
"MEK2",1,1,1,0.199311904761905,1,0.61454503968254,1,1,0.805552281746032,1,0.805552281746032
"PARP1",0.996559523809524,0.996559523809524,0.996559523809524,1,0,1,0.979950198412698,0,0.979950198412698,1,0.996559523809524
"PARP2",1,0.85039746031746,1,1,0.083046626984127,1,0.85039746031746,0,0.85039746031746,1,1
"CHEK1",1,1,1,1,0.905208234126984,0.819393386243386,0.819393386243386,1,1,1,0.819393386243386
"NTRK1",1,1,0.564717063492064,1,1,1,0.564717063492064,1,0.564717063492064,0.564717063492064,0.637798095238095
"p38",1,1,0.857041190476191,0.188239021164021,0,1,1,0.0332186507936508,1,0.857041190476191,1
"MDM2",0.834157231040564,0.983272063492064,0.834157231040564,0.0664373015873016,0.834157231040564,0.188239021164021,0.834157231040564,1,0.834157231040564,0.564717063492064,0.182702579365079
