"","EGFR","Hypoxia","JAK.STAT","MAPK","NFkB","PI3K","TGFb","TNFa","Trail","VEGF","p53"
"EGFR",0,1,1,0.0996559523809524,0.240835218253968,0.83521179138322,1,0.372048888888889,0.240835218253968,0.603472156084656,1
"MTORC1",0.913512896825397,0.913512896825397,0.913512896825397,0.913512896825397,0.913512896825397,0.913512896825397,0.913512896825397,0.913512896825397,1,1,1
"PDGFR",1,1,1,1,1,1,1,1,1,1,1
"KIT",1,1,1,1,0.0332186507936508,1,1,0.0332186507936508,0.143947486772487,1,1
"VEGFR",1,0.874757804232804,1,1,0.631154365079365,1,1,1,1,0.874757804232804,1
"FLT3",0.0664373015873016,0.967031834215168,0.967031834215168,0.0996559523809524,1,0.967031834215168,0.967031834215168,0.967031834215168,1,0.967031834215168,0.967031834215168
"RET",1,1,1,1,1,1,1,1,1,1,1
"CSF1R",1,1,1,1,1,1,1,1,1,1,1
"MET",1,1,1,1,1,1,1,1,1,1,1
"Proteasome",0.890259841269841,1,0.620081481481481,0.620081481481481,0.631154365079365,1,1,1,0.620081481481481,1,1
"Microtubule stabiliser",0.116265277777778,0.116265277777778,0.343259391534392,0.157788591269841,0.157788591269841,0.959649911816579,0.292324126984127,0.589631051587302,0.474552154195011,1,1
"SMO",1,0.465061111111111,1,0.974413756613757,0.465061111111111,1,1,1,1,1,1
"BRAF",0.974413756613757,0.880294246031746,1,0.0498279761904762,0,0.232530555555556,0.836002711640212,0.556412400793651,0.880294246031746,0.836002711640212,1
"AURKA",1,1,0.265749206349206,0.863684920634921,0.132874603174603,1,1,0.869221362433862,0.869221362433862,1,0.869221362433862
"AURKB",0.305611587301587,0.697591666666667,0.710048660714286,0.0664373015873016,0.149483928571429,0.305611587301587,1,0.265749206349206,1,0.321113624338624,0.926431261022928
"AURKC",0,0.913512896825397,1,0,0.345473968253968,0.6754458994709,0.345473968253968,0.199311904761905,0.481670436507936,0.6754458994709,0.6754458994709
"ABL",1,1,1,1,1,1,1,1,1,1,1
"ALK",0.923478492063492,0.996559523809524,0.923478492063492,0.923478492063492,1,1,0.923478492063492,1,0.923478492063492,1,1
"SRC",1,1,0.747419642857143,0.631154365079365,1,1,1,1,1,1,1
"CDK1",1,0.775101851851852,0.775101851851852,1,1,1,1,1,0.564717063492064,1,1
"CDK2",0.83711,1,0.858148478835979,0.85893939909297,0.83711,1,0.967031834215168,0.83711,0.132874603174603,0.863684920634921,0.83711
"CDK5",0.390319146825397,0.84944835600907,1,0.249139880952381,1,1,1,0.471704841269841,0.249139880952381,0.84944835600907,0.354332275132275
"CDK7",1,1,0.750741507936508,0.531498412698413,0.750741507936508,0.780638293650794,1,1,0.750741507936508,1,0.750741507936508
"CDK9",1,1,1,1,1,1,1,1,1,1,1
"PKC",0.39862380952381,0.717522857142857,0.735555839002268,0.39862380952381,0.735555839002268,0.751571974206349,1,0.39862380952381,0.39862380952381,1,1
"CDK4",1,1,1,1,0.996559523809524,1,0.996559523809524,1,0.996559523809524,1,0.996559523809524
"LCK",0.116265277777778,1,0.518210952380952,0.0664373015873016,0.518210952380952,1,0.518210952380952,0.609008597883598,1,1,1
"BMX",0.0332186507936508,0.896903571428571,0.556412400793651,0.387550925925926,1,0.719737433862434,1,0.387550925925926,1,0.571360793650794,1
"PLK1",0.0664373015873016,0.332186507936508,0.609008597883598,0.221457671957672,0.332186507936508,0.609008597883598,0.332186507936508,0.332186507936508,0.221457671957672,1,1
"PLK3",0.680982341269841,1,1,0.971645535714286,1,0.971645535714286,0.930122222222222,0.971645535714286,0.971645535714286,0.680982341269841,0.971645535714286
"IGF1R",1,1,1,1,1,1,1,1,0.597935714285714,1,1
"IR",0,0.736346759259259,0.40526753968254,0.243603439153439,0.926431261022928,0.40526753968254,1,0.243603439153439,0.926431261022928,1,0.926431261022928
"MTOR",0.764028968253968,1,1,0.210384788359788,0.210384788359788,0.882667006802721,1,0.210384788359788,0.704235396825397,0.224225892857143,1
"AKT1",0,1,1,0,0.604579444444444,1,1,0.188239021164021,1,0.265749206349206,1
"AKT2",0.0166093253968254,1,1,0,0.923478492063492,1,1,0.506584424603175,1,0.254676322751323,1
"AKT3",0.0498279761904762,0.186024444444444,1,0.157788591269841,0.132874603174603,1,1,0,1,1,0.293431415343915
"HDAC1",0.210384788359788,1,1,0.210384788359788,1,0.923478492063492,0.923478492063492,1,0.210384788359788,1,1
"IKK",1,1,1,1,1,1,1,1,1,1,1
"PI3Kbeta",1,1,1,0.365405158730159,0.509352645502645,1,1,1,1,0,1
"ERK5",0.243603439153439,0.930122222222222,0.930122222222222,0.930122222222222,0.232530555555556,0.70866455026455,0.930122222222222,0.290663194444444,0.243603439153439,0.70866455026455,0.930122222222222
"ERBB2",0,1,1,0.0221457671957672,0.0996559523809524,0.692055224867725,1,0.0221457671957672,0.292324126984127,1,1
"ROCK1",0.0166093253968254,1,0.722505654761905,0,0.752956084656085,1,0.722505654761905,0.752956084656085,1,1,1
"ROCK2",1,1,1,1,1,1,1,1,1,1,1
"DNA crosslinker",0.12456994047619,0.348795833333333,0.279036666666667,0.12456994047619,0.116265277777778,1,0.488788718820862,1,0.0996559523809524,1,1
"Microtubule destabiliser",0.797247619047619,0.39862380952381,1,1,0.797247619047619,1,0.797247619047619,0.797247619047619,1,1,1
"AR",1,0.996559523809524,1,1,0.542571296296296,1,1,0.498279761904762,1,0.542571296296296,1
"ATM",0.0166093253968254,0.218293990929705,0.0664373015873016,0.0442915343915344,0.0166093253968254,1,0.179380714285714,1,0.218293990929705,0.818009275793651,1
"FLT1",0.132874603174603,1,0.975797867063492,0.478348571428571,0.132874603174603,1,0.83521179138322,0.210384788359788,0.224225892857143,1,0.83521179138322
"GSK3A",0.963340873015873,0.963340873015873,0.963340873015873,0.963340873015873,0.963340873015873,0.963340873015873,0.963340873015873,0.963340873015873,0.963340873015873,0.963340873015873,1
"GSK3B",1,1,1,1,1,1,1,1,1,1,1
"PDGFRA",0.858148478835979,1,1,1,0.132874603174603,0.858148478835979,1,0.132874603174603,0.287894973544974,1,0.680982341269841
"VEGFR2",0.0498279761904762,1,0.643611359126984,0.0498279761904762,0.107960615079365,0.542571296296296,0.793556657848325,0.107960615079365,0.39862380952381,0.643611359126984,1
"FGFR1",0.199311904761905,0.564717063492064,1,0.116265277777778,0.0664373015873016,1,1,0.626408843537415,0.357100496031746,0.625617923280423,1
"TIE2",0.325542777777778,0.83046626984127,0.83046626984127,0.325542777777778,0.325542777777778,0.83046626984127,0.83046626984127,0.325542777777778,0.325542777777778,0.83046626984127,0.83046626984127
"JNK2",1,1,1,1,1,1,1,1,1,1,1
"BRD2",0.348795833333333,1,0.952267989417989,0.0996559523809524,1,1,1,1,1,1,1
"BRD3",0.0664373015873016,0.759283446712018,0.465061111111111,0,0.631154365079365,1,0.631154365079365,1,0.52319375,1,1
"BRD4",0.874757804232804,1,1,1,0.874757804232804,1,1,1,0,1,1
"BRDT",1,0.852612037037037,1,1,0.564717063492064,1,1,1,0.564717063492064,1,1
"FNTA",0.232530555555556,0.415233134920635,1,0.232530555555556,0.232530555555556,1,1,0.348795833333333,1,0.365405158730159,1
"PDK1 (PDPK1)",0.243603439153439,1,1,0.956697142857143,0.0332186507936508,1,1,0.813856944444445,0.0664373015873016,1,0.968877314814815
"BCL2",1,1,1,1,1,1,1,1,1,1,1
"BCL-XL",0.992407192460317,1,0.992407192460317,0.863684920634921,0.992407192460317,1,0.992407192460317,1,0.863684920634921,0.992407192460317,0.992407192460317
"BCL-W",1,1,1,0.481670436507937,0.0332186507936508,1,1,0.481670436507937,0.0498279761904762,0.684304206349206,1
"MCL1",0.265749206349206,0.85893939909297,0.265749206349206,0.21592123015873,0.21592123015873,1,0.85893939909297,0.926431261022928,0.85893939909297,1,0.926431261022928
"dsDNA break",0,0.207616567460317,0.564717063492063,0,0.635899886621315,0.787282023809524,0.504923492063492,0,0.872744552669553,0.787282023809524,0.701743998015873
"BTK",0,0.83046626984127,0.489975099206349,0.149483928571429,0.597935714285714,1,0.177166137566138,0.621663321995465,0.83046626984127,0.603472156084656,0.946731547619048
"HSP90",0.786174735449735,0.232530555555556,0.232530555555556,1,0.232530555555556,1,0.624510634920635,0.290663194444444,0.925376700680272,1,1
"PDGFRB",0.232530555555556,0.656068353174603,0.445129920634921,0.423537797619048,0.0996559523809524,0.656068353174603,0.609008597883598,0.98548664021164,0.423537797619048,1,1
"IKK2",0.664373015873016,0.974413756613757,0.974413756613757,0.974413756613757,0.166093253968254,1,1,0.564717063492063,0.531498412698413,0.84375373015873,0.974413756613757
"Amyloid beta20",1,1,1,1,1,1,1,1,1,1,1
"Amyloid beta40",1,1,1,1,1,1,1,1,1,1,1
"JAK2",0.0110728835978836,1,1,0.0930122222222222,0,1,1,0.0110728835978836,0.0332186507936508,1,1
"JNK1",1,1,1,1,1,1,1,1,1,1,1
"CDK6",1,0.890259841269841,0.890259841269841,0.757385238095238,0.0996559523809524,0.890259841269841,0.757385238095238,0.757385238095238,0.757385238095238,0.890259841269841,0.890259841269841
"PI3K (class 1)",0,1,1,0,1,1,1,0.357100496031746,1,0.321113624338624,1
"PI3Kgamma",0.0664373015873016,0.892751240079365,0.511567222222222,0.892751240079365,0.511567222222222,0.511567222222222,0.511567222222222,0.893581706349207,0.892751240079365,0.893581706349207,1
"RSK",0.983272063492064,0.43184246031746,0.503025283446712,0.498279761904762,0.503025283446712,0.503025283446712,0.772333630952381,0.503025283446712,0.503025283446712,1,0.933813183421517
"G9a and GLP",0.249139880952381,0.588444671201814,0.448451785714286,0.249139880952381,0.448451785714286,0.827144404761905,0.588444671201814,0.745574162257496,0.745574162257496,0.588444671201814,1
"FLT4",1,1,1,1,1,1,1,1,1,1,1
"NTRK2",0.89136712962963,0.689287003968254,1,0.89136712962963,0.132874603174603,1,1,0.0332186507936508,0.620081481481481,0.963340873015873,1
"LTK",1,1,0.578004523809524,0,1,0.578004523809524,1,1,0.578004523809524,1,0.578004523809524
"TAK1",0.365405158730159,1,0.458417380952381,0.0664373015873016,0.332186507936508,0.636690806878307,1,0.332186507936508,1,1,1
"ERK2",0.166093253968254,0.797247619047619,1,1,0.166093253968254,0.797247619047619,0.797247619047619,1,1,0.797247619047619,1
"HDAC6",1,1,1,1,1,1,1,1,1,1,1
"VEGFR1",0.199311904761905,1,1,0.332186507936508,1,1,1,1,1,1,1
"VEGFR3",1,1,1,1,1,1,1,1,1,1,1
"MTORC2",0.0664373015873016,0.786174735449735,0.85419387755102,0.0996559523809524,0.398623809523809,1,0.448451785714286,1,0.491636031746032,1,0.880294246031746
"PIM3",1,1,1,1,0.0996559523809524,1,1,0.249139880952381,1,1,1
"ALK5",0.0332186507936508,0.352117698412698,0.716573752834467,0,0.352117698412698,0.747419642857143,0.975420382395382,0.0166093253968254,0.531498412698413,0.747419642857143,0.747419642857143
"TNKS1",0.714200992063492,1,1,0.755724305555556,0.714200992063492,1,0.768774489795918,0.768774489795918,1,0.768774489795918,0.755724305555556
"TNKS2",0.39862380952381,1,1,0.644441825396825,0.39862380952381,1,0.647763690476191,0.644441825396825,0.884446577380952,0.740301360544218,0.644441825396825
"TOP1",0,0.385336349206349,0.132874603174603,0,1,0.939613265306122,0.984102529761905,0.055364417989418,1,1,0.939613265306122
"Antimetabolite",1,1,1,1,1,1,1,1,1,1,1
"MEK1",1,0.481670436507937,0.952267989417989,0.177166137566138,0.177166137566138,0.863684920634921,0.177166137566138,1,1,1,1
"MEK2",1,0.415233134920635,0.786174735449735,0.199311904761905,0.199311904761905,0.777316428571429,0.199311904761905,1,1,1,1
"PARP1",0.083046626984127,1,0.92181755952381,0.083046626984127,1,1,1,1,0.92181755952381,1,1
"PARP2",0.0498279761904762,1,0.556412400793651,0.0498279761904762,1,1,1,0.556412400793651,1,1,1
"CHEK1",0,1,1,0,0.141179265873016,1,1,0.0885830687830688,1,0.538142142857143,1
"NTRK1",0.564717063492064,1,0.922740299823633,0.631154365079365,0.166093253968254,1,0.922740299823633,0.166093253968254,0.631154365079365,0.922740299823633,0.564717063492064
"p38",1,0.938426884920635,1,0.938426884920635,0.938426884920635,1,1,0.938426884920635,1,1,1
"MDM2",0.232530555555556,1,1,0,0.95503621031746,1,1,1,1,1,0.664373015873016
