"","EGFR","Hypoxia","JAK.STAT","MAPK","NFkB","PI3K","TGFb","TNFa","Trail","VEGF","p53"
"EGFR",0,0.332,0.388,0.006,0.022,0.176,0.397,0.056,0.029,0.109,0.332
"MTORC1",0.22,0.138,0.22,0.161,0.156,0.216,0.15,0.209,0.383,0.333,0.41
"PDGFR",0.187,0.055,0.295,0.52,0.138,0.442,0.445,0.314,0.494,0.19,0.193
"KIT",0.239,0.233,0.499,0.373,0.002,0.307,0.404,0.001,0.013,0.225,0.125
"VEGFR",0.121,0.064,0.351,0.435,0.019,0.221,0.423,0.345,0.288,0.079,0.257
"FLT3",0.002,0.242,0.247,0.006,0.574,0.174,0.211,0.166,0.494,0.169,0.262
"RET",0.18,0.288,0.542,0.043,0.265,0.249,0.54,0.181,0.097,0.324,0.256
"CSF1R",0.124,0.136,0.137,0.393,0.357,0.44,0.286,0.17,0.344,0.439,0.09
"MET",0.198,0.337,0.424,0.134,0.435,0.33,0.235,0.226,0.086,0.406,0.206
"Proteasome",0.134,0.253,0.056,0.031,0.076,0.345,0.241,0.382,0.054,0.372,0.458
"Microtubule stabiliser",0.005,0.007,0.062,0.019,0.016,0.26,0.044,0.142,0.1,0.365,0.486
"SMO",0.22,0.017,0.231,0.088,0.028,0.393,0.21,0.344,0.519,0.422,0.315
"BRAF",0.264,0.212,0.319,0.003,0,0.021,0.151,0.067,0.203,0.136,0.454
"AURKA",0.246,0.349,0.016,0.078,0.004,0.405,0.472,0.15,0.121,0.315,0.157
"AURKB",0.046,0.147,0.171,0.002,0.009,0.043,0.463,0.024,0.349,0.058,0.251
"AURKC",0,0.275,0.479,0,0.052,0.183,0.048,0.018,0.087,0.179,0.148
"ABL",0.621,0.181,0.662,0.184,0.358,0.105,0.519,0.471,0.581,0.462,0.347
"ALK",0.096,0.18,0.136,0.033,0.252,0.527,0.139,0.272,0.092,0.293,0.496
"SRC",0.453,0.396,0.045,0.019,0.425,0.319,0.338,0.494,0.431,0.545,0.186
"CDK1",0.507,0.07,0.065,0.534,0.431,0.32,0.44,0.226,0.017,0.266,0.161
"CDK2",0.075,0.429,0.155,0.181,0.083,0.357,0.262,0.125,0.004,0.208,0.126
"CDK5",0.047,0.161,0.243,0.015,0.498,0.339,0.274,0.071,0.009,0.179,0.032
"CDK7",0.304,0.316,0.106,0.016,0.113,0.141,0.452,0.31,0.049,0.265,0.069
"CDK9",0.138,0.55,0.364,0.032,0.07,0.272,0.371,0.293,0.195,0.388,0.143
"PKC",0.025,0.108,0.155,0.048,0.133,0.181,0.5,0.038,0.041,0.42,0.446
"CDK4",0.487,0.171,0.432,0.376,0.077,0.4,0.098,0.321,0.06,0.525,0.12
"LCK",0.007,0.369,0.078,0.002,0.065,0.301,0.069,0.11,0.402,0.284,0.235
"BMX",0.001,0.189,0.067,0.035,0.527,0.13,0.393,0.034,0.343,0.086,0.434
"PLK1",0.002,0.046,0.155,0.016,0.07,0.165,0.051,0.064,0.02,0.323,0.533
"PLK3",0.021,0.308,0.397,0.207,0.337,0.2,0.084,0.219,0.234,0.041,0.148
"IGF1R",0.241,0.27,0.304,0.403,0.192,0.185,0.298,0.501,0.018,0.428,0.272
"IR",0,0.133,0.061,0.022,0.251,0.058,0.368,0.018,0.226,0.417,0.236
"MTOR",0.138,0.443,0.333,0.009,0.017,0.186,0.396,0.019,0.106,0.027,0.409
"AKT1",0,0.389,0.34,0,0.091,0.372,0.425,0.017,0.459,0.032,0.535
"AKT2",0.001,0.567,0.351,0,0.139,0.4,0.464,0.061,0.519,0.023,0.558
"AKT3",0.003,0.028,0.335,0.019,0.012,0.211,0.426,0,0.591,0.351,0.053
"HDAC1",0.019,0.388,0.382,0.014,0.327,0.129,0.139,0.364,0.019,0.617,0.213
"IKK",0.056,0.087,0.383,0.213,0.158,0.208,0.226,0.296,0.234,0.53,0.448
"PI3Kbeta",0.483,0.26,0.415,0.022,0.046,0.262,0.524,0.322,0.428,0,0.427
"ERK5",0.018,0.268,0.198,0.231,0.007,0.128,0.308,0.035,0.022,0.122,0.283
"ERBB2",0,0.356,0.436,0.002,0.012,0.125,0.362,0.002,0.044,0.279,0.533
"ROCK1",0.001,0.495,0.067,0,0.136,0.387,0.087,0.116,0.472,0.46,0.378
"ROCK2",0.141,0.535,0.247,0.402,0.226,0.1,0.4,0.211,0.48,0.185,0.481
"DNA crosslinker",0.015,0.063,0.042,0.014,0.007,0.434,0.103,0.377,0.003,0.391,0.321
"Microtubule destabiliser",0.052,0.012,0.248,0.379,0.12,0.202,0.09,0.114,0.314,0.29,0.219
"AR",0.199,0.12,0.415,0.35,0.049,0.312,0.217,0.015,0.438,0.042,0.403
"ATM",0.001,0.045,0.008,0.004,0.001,0.366,0.027,0.371,0.046,0.197,0.446
"FLT1",0.008,0.327,0.235,0.072,0.008,0.418,0.174,0.019,0.027,0.318,0.176
"GSK3A",0.241,0.189,0.29,0.173,0.275,0.236,0.255,0.101,0.207,0.186,0.38
"GSK3B",0.188,0.285,0.46,0.173,0.282,0.325,0.2,0.25,0.302,0.166,0.351
"PDGFRA",0.147,0.395,0.255,0.448,0.005,0.155,0.437,0.008,0.026,0.251,0.082
"VEGFR2",0.003,0.573,0.155,0.002,0.013,0.098,0.215,0.013,0.06,0.142,0.331
"FGFR1",0.018,0.085,0.298,0.007,0.002,0.258,0.387,0.132,0.043,0.113,0.336
"TIE2",0.024,0.25,0.224,0.016,0.043,0.199,0.196,0.049,0.047,0.275,0.241
"JNK2",0.24,0.258,0.24,0.279,0.142,0.613,0.365,0.162,0.34,0.545,0.363
"BRD2",0.021,0.276,0.086,0.003,0.243,0.257,0.178,0.38,0.143,0.434,0.441
"BRD3",0.004,0.16,0.042,0,0.114,0.276,0.106,0.374,0.063,0.462,0.452
"BRD4",0.079,0.627,0.608,0.155,0.067,0.236,0.134,0.246,0,0.336,0.289
"BRDT",0.519,0.077,0.491,0.424,0.034,0.142,0.485,0.554,0.029,0.311,0.584
"FNTA",0.016,0.075,0.481,0.021,0.014,0.383,0.508,0.042,0.299,0.055,0.215
"PDK1 (PDPK1)",0.022,0.369,0.252,0.144,0.001,0.405,0.425,0.098,0.004,0.277,0.175
"BCL2",0.474,0.46,0.22,0.134,0.447,0.34,0.214,0.405,0.083,0.125,0.28
"BCL-XL",0.217,0.338,0.157,0.039,0.21,0.314,0.131,0.426,0.052,0.214,0.239
"BCL-W",0.234,0.343,0.272,0.058,0.001,0.534,0.204,0.055,0.003,0.103,0.432
"MCL1",0.032,0.164,0.026,0.013,0.012,0.402,0.181,0.251,0.168,0.377,0.225
"dsDNA break",0,0.025,0.102,0,0.134,0.237,0.076,0,0.289,0.22,0.169
"BTK",0,0.215,0.059,0.009,0.09,0.388,0.016,0.131,0.225,0.109,0.285
"HSP90",0.142,0.021,0.015,0.569,0.013,0.341,0.094,0.035,0.195,0.504,0.428
"PDGFRB",0.014,0.143,0.067,0.051,0.003,0.158,0.11,0.267,0.046,0.387,0.368
"IKK2",0.08,0.264,0.247,0.258,0.005,0.396,0.396,0.051,0.032,0.127,0.204
"Amyloid beta20",0.368,0.244,0.222,0.497,0.379,0.501,0.428,0.332,0.349,0.489,0.403
"Amyloid beta40",0.135,0.241,0.28,0.397,0.359,0.413,0.471,0.332,0.426,0.412,0.378
"JAK2",0.001,0.507,0.377,0.014,0,0.39,0.439,0.001,0.004,0.199,0.425
"JNK1",0.2,0.328,0.424,0.306,0.157,0.269,0.352,0.356,0.113,0.036,0.458
"CDK6",0.443,0.225,0.241,0.089,0.003,0.257,0.07,0.098,0.114,0.268,0.233
"PI3K (class 1)",0,0.373,0.154,0,0.301,0.183,0.235,0.043,0.393,0.029,0.481
"PI3Kgamma",0.002,0.198,0.07,0.215,0.043,0.077,0.048,0.269,0.213,0.251,0.424
"RSK",0.296,0.013,0.065,0.03,0.091,0.106,0.186,0.064,0.096,0.393,0.253
"G9a and GLP",0.015,0.114,0.041,0.012,0.054,0.249,0.124,0.183,0.202,0.109,0.501
"FLT4",0.129,0.285,0.199,0.158,0.061,0.464,0.476,0.059,0.173,0.229,0.486
"NTRK2",0.161,0.083,0.478,0.145,0.008,0.468,0.265,0.001,0.056,0.203,0.316
"LTK",0.22,0.458,0.083,0,0.328,0.057,0.433,0.559,0.087,0.414,0.071
"TAK1",0.044,0.483,0.069,0.002,0.03,0.115,0.289,0.024,0.243,0.302,0.558
"ERK2",0.005,0.144,0.324,0.347,0.01,0.122,0.096,0.35,0.323,0.143,0.402
"HDAC6",0.107,0.222,0.483,0.482,0.263,0.475,0.167,0.3,0.489,0.395,0.217
"VEGFR1",0.006,0.224,0.397,0.02,0.345,0.306,0.197,0.512,0.511,0.429,0.409
"VEGFR3",0.068,0.412,0.521,0.066,0.51,0.46,0.225,0.552,0.518,0.372,0.167
"MTORC2",0.002,0.142,0.18,0.006,0.036,0.337,0.054,0.434,0.074,0.287,0.212
"PIM3",0.39,0.132,0.532,0.397,0.003,0.196,0.423,0.015,0.337,0.316,0.362
"ALK5",0.003,0.044,0.151,0,0.053,0.213,0.323,0.001,0.096,0.225,0.201
"TNKS1",0.024,0.375,0.462,0.09,0.043,0.445,0.143,0.152,0.323,0.162,0.091
"TNKS2",0.018,0.418,0.471,0.073,0.024,0.405,0.117,0.097,0.213,0.156,0.094
"TOP1",0,0.058,0.016,0,0.357,0.198,0.237,0.005,0.307,0.504,0.177
"Antimetabolite",0.278,0.396,0.065,0.107,0.166,0.073,0.357,0.42,0.194,0.299,0.59
"MEK1",0.434,0.058,0.172,0.016,0.013,0.13,0.01,0.363,0.427,0.479,0.608
"MEK2",0.346,0.05,0.142,0.013,0.018,0.117,0.014,0.429,0.465,0.415,0.6
"PARP1",0.004,0.451,0.108,0.005,0.268,0.489,0.353,0.227,0.111,0.345,0.262
"PARP2",0.003,0.356,0.066,0.002,0.308,0.502,0.36,0.067,0.278,0.151,0.235
"CHEK1",0,0.608,0.607,0,0.017,0.519,0.241,0.008,0.613,0.081,0.291
"NTRK1",0.068,0.381,0.25,0.112,0.01,0.458,0.196,0.005,0.114,0.233,0.053
"p38",0.442,0.084,0.404,0.055,0.107,0.266,0.316,0.113,0.538,0.325,0.43
"MDM2",0.014,0.466,0.19,0,0.115,0.462,0.246,0.319,0.206,0.3,0.06
