"","EGFR","Hypoxia","JAK.STAT","MAPK","NFkB","PI3K","TGFb","TNFa","Trail","VEGF","p53"
"EGFR",0.625,0.398,0.401,0.001,0.06,0.296,0.337,0.168,0.02,0.614,0.118
"MTORC1",0.19,0.041,0.444,0.001,0.15,0.12,0.371,0.396,0.156,0.247,0.307
"PDGFR",0.087,0.158,0.165,0.022,0.12,0.321,0.396,0.138,0.254,0.282,0.347
"KIT",0.225,0.132,0.196,0.196,0.107,0.464,0.149,0.075,0.07,0.058,0.174
"VEGFR",0.22,0.05,0.014,0.085,0.196,0.093,0.113,0.233,0.27,0.079,0.443
"FLT3",0.191,0.374,0.395,0.18,0.03,0.111,0.111,0.047,0.025,0.291,0.511
"RET",0.381,0.25,0.037,0.031,0.006,0.025,0.153,0.037,0.034,0.423,0.163
"CSF1R",0.19,0.272,0.361,0.254,0.002,0.284,0.045,0.01,0.12,0.102,0.235
"MET",0.39,0.4,0.006,0.109,0.008,0.499,0.366,0.222,0.104,0.022,0.399
"Proteasome",0.018,0.208,0.119,0.066,0,0.043,0.27,0.007,0.067,0.048,0.217
"Microtubule stabiliser",0.053,0.377,0.051,0.253,0.016,0.019,0.556,0.065,0.022,0.003,0.133
"SMO",0.362,0.406,0.255,0.403,0.5,0.142,0.425,0.504,0.051,0.046,0.284
"BRAF",0.178,0.021,0.084,0.054,0.239,0.02,0.338,0.045,0.076,0.049,0.131
"AURKA",0.033,0.308,0.364,0.098,0.093,0.017,0.099,0.06,0.03,0.264,0.266
"AURKB",0.024,0.489,0.007,0.064,0.452,0.252,0.286,0.412,0.4,0.084,0.23
"AURKC",0.485,0.543,0.066,0.148,0.609,0.223,0.088,0.227,0.232,0.219,0.557
"ABL",0.042,0.189,0.003,0.006,0.525,0.006,0.253,0.499,0.025,0.015,0.265
"ALK",0.236,0.042,0.157,0.595,0.188,0.195,0.16,0.47,0.194,0.009,0.541
"SRC",0.102,0.275,0.015,0,0.002,0.466,0.359,0.049,0.363,0.345,0.35
"CDK1",0.015,0.528,0.087,0.325,0.361,0.032,0.344,0.439,0.507,0.23,0.421
"CDK2",0.19,0.286,0.622,0.447,0.505,0.094,0.393,0.276,0.423,0.4,0.601
"CDK5",0.27,0.214,0.323,0.226,0.009,0.213,0.493,0.128,0.534,0.137,0.085
"CDK7",0.022,0.129,0.061,0.077,0.046,0.321,0.148,0.316,0.167,0.003,0.434
"CDK9",0.481,0.112,0.35,0.112,0.315,0.125,0.506,0.133,0.443,0.227,0.146
"PKC",0.064,0.401,0.318,0.019,0.186,0.044,0.279,0.522,0.281,0.44,0.318
"CDK4",0.588,0.216,0.062,0.309,0.074,0.489,0.388,0.108,0.277,0.439,0.428
"LCK",0.531,0.44,0.038,0.031,0.527,0.245,0.229,0.16,0.071,0.044,0.127
"BMX",0.031,0.093,0.269,0.111,0.013,0.077,0.13,0.003,0.134,0.594,0.276
"PLK1",0.066,0.438,0.118,0.325,0.043,0.015,0.391,0.051,0.002,0.064,0.373
"PLK3",0.213,0.319,0.226,0.01,0.324,0.423,0.231,0.312,0.004,0.513,0.214
"IGF1R",0.234,0.075,0.006,0.237,0.114,0.165,0.495,0.063,0.383,0.308,0.08
"IR",0.079,0.236,0.139,0.164,0.006,0.194,0.209,0.008,0.07,0.16,0.439
"MTOR",0.385,0.182,0.522,0.04,0.151,0.554,0.42,0.18,0.163,0.017,0.226
"AKT1",0.382,0.257,0.068,0.011,0.003,0.114,0.304,0.019,0.115,0.146,0.236
"AKT2",0.226,0.244,0.104,0.006,0.008,0.102,0.259,0.033,0.181,0.272,0.314
"AKT3",0.152,0.058,0.019,0.063,0.038,0.243,0.463,0.21,0.014,0.253,0.101
"HDAC1",0.273,0.389,0.335,0.027,0.38,0.001,0.377,0.179,0.244,0.365,0.293
"IKK",0.228,0.146,0.004,0.029,0.004,0.237,0.49,0.394,0.08,0.007,0.105
"PI3Kbeta",0.002,0.208,0.004,0.001,0.527,0.47,0.1,0.039,0.165,0.213,0.068
"ERK5",0.22,0.27,0.15,0.004,0.008,0.123,0.409,0.197,0.097,0.181,0.313
"ERBB2",0.053,0.514,0.407,0.157,0.048,0.348,0.205,0.489,0.123,0.266,0.153
"ROCK1",0.114,0.271,0.007,0.19,0.084,0.487,0.392,0.312,0.557,0.428,0.067
"ROCK2",0.186,0.331,0.549,0.199,0.218,0.425,0.305,0.418,0.047,0.226,0.22
"DNA crosslinker",0.475,0.175,0.004,0.332,0.03,0.095,0.4,0.297,0.036,0.008,0.352
"Microtubule destabiliser",0.058,0.149,0.012,0.399,0.222,0.263,0.375,0.021,0.01,0.171,0.465
"AR",0.117,0.181,0.257,0.096,0.023,0.353,0.514,0.307,0.169,0.012,0.261
"ATM",0.228,0.172,0.14,0.003,0.056,0.184,0.2,0.1,0.008,0.389,0.052
"FLT1",0.428,0.32,0.371,0.059,0.011,0.368,0.257,0.011,0.306,0.108,0.228
"GSK3A",0.061,0.503,0.131,0.252,0.291,0.12,0.516,0.187,0.229,0.017,0.115
"GSK3B",0.028,0.598,0.098,0.373,0.296,0.075,0.545,0.207,0.396,0.012,0.117
"PDGFRA",0.314,0.26,0.037,0.352,0.001,0.107,0.196,0.011,0.03,0.118,0.576
"VEGFR2",0.181,0.215,0.109,0.01,0.006,0.393,0.056,0.037,0.085,0.039,0.444
"FGFR1",0.094,0.096,0.013,0.007,0.084,0.076,0.199,0.499,0.356,0,0.129
"TIE2",0.304,0.511,0.429,0.004,0.001,0.248,0.152,0.026,0.027,0.268,0.276
"JNK2",0.028,0.118,0.475,0.422,0.325,0.108,0.401,0.444,0.593,0.392,0.304
"BRD2",0.487,0.286,0.036,0.059,0.038,0.353,0.451,0.252,0.508,0.087,0.274
"BRD3",0.464,0.214,0.081,0.073,0.063,0.249,0.417,0.241,0.512,0.117,0.276
"BRD4",0.262,0.028,0.191,0.351,0.185,0.178,0.259,0.317,0.541,0.013,0.098
"BRDT",0.039,0.001,0.347,0.069,0.106,0.023,0.057,0.028,0.508,0.085,0.386
"FNTA",0.043,0.362,0.056,0.166,0,0.34,0.334,0.049,0.072,0.061,0.159
"PDK1 (PDPK1)",0.447,0.479,0.274,0.279,0.004,0.089,0.288,0.283,0.372,0.239,0.064
"BCL2",0.181,0.497,0.267,0.33,0.094,0.496,0.171,0.524,0.276,0.606,0.554
"BCL-XL",0.122,0.478,0.31,0.241,0.09,0.542,0.15,0.519,0.348,0.499,0.347
"BCL-W",0.573,0.008,0.095,0.23,0.122,0.041,0.098,0.234,0.335,0.084,0.424
"MCL1",0.062,0.072,0.149,0.388,0.001,0.423,0.451,0.053,0.116,0.009,0.051
"dsDNA break",0.006,0.104,0.233,0.105,0.017,0.187,0.104,0.006,0.001,0.038,0.403
"BTK",0.085,0.546,0.208,0.427,0.134,0.045,0.412,0.312,0.24,0.359,0.372
"HSP90",0.273,0.36,0.079,0.272,0,0.376,0.345,0.002,0.01,0,0.409
"PDGFRB",0.36,0.168,0.063,0.053,0.027,0.069,0.234,0.019,0.372,0.18,0.382
"IKK2",0.027,0.355,0.329,0.009,0.264,0.121,0.251,0.528,0.593,0.375,0.15
"Amyloid beta20",0.146,0.337,0.375,0.101,0.494,0.194,0.241,0.196,0.18,0.004,0.342
"Amyloid beta40",0.134,0.293,0.327,0.143,0.327,0.334,0.375,0.291,0.293,0.009,0.284
"JAK2",0.258,0.087,0.019,0.043,0.314,0.093,0.213,0.111,0.51,0.064,0.333
"JNK1",0.654,0.215,0.034,0.03,0.044,0.262,0.472,0.141,0.068,0.064,0.528
"CDK6",0.308,0.104,0.041,0.223,0.028,0.064,0.529,0.004,0.194,0.419,0.422
"PI3K (class 1)",0.353,0.047,0.188,0,0.312,0.292,0.336,0.312,0.123,0.405,0.386
"PI3Kgamma",0.04,0.453,0.02,0.522,0.514,0.428,0.428,0.147,0.054,0.259,0.345
"RSK",0.172,0.327,0.454,0.462,0.007,0.166,0.513,0.029,0.079,0.015,0.063
"G9a and GLP",0.161,0.188,0.162,0.126,0.406,0.438,0.481,0.405,0.019,0.197,0.055
"FLT4",0.209,0.373,0.219,0.453,0.248,0.257,0.181,0.349,0.453,0.47,0.443
"NTRK2",0.011,0.05,0.099,0.119,0.001,0.179,0.279,0.001,0.016,0.328,0.266
"LTK",0.207,0.218,0.195,0.297,0.165,0.073,0.467,0.195,0.011,0.059,0.545
"TAK1",0.115,0.301,0.408,0.283,0.022,0.174,0.265,0.051,0.038,0.19,0.296
"ERK2",0.523,0.065,0.056,0.046,0.381,0.448,0.166,0.071,0.086,0.449,0.123
"HDAC6",0.031,0.06,0.384,0.052,0.164,0.031,0.352,0.164,0.433,0.428,0.32
"VEGFR1",0.163,0.298,0.516,0.19,0.562,0.133,0.237,0.415,0.083,0.261,0.201
"VEGFR3",0.077,0.339,0.495,0.089,0.302,0.057,0.341,0.122,0.023,0.273,0.111
"MTORC2",0.126,0.096,0.457,0.106,0.189,0.161,0.161,0.486,0.184,0.071,0.18
"PIM3",0.264,0.573,0.197,0.481,0.042,0.136,0.079,0.023,0.472,0.32,0.034
"ALK5",0.051,0.179,0.148,0.059,0.138,0.397,0.497,0.038,0.05,0.093,0.535
"TNKS1",0.086,0.599,0.15,0.128,0.007,0.22,0.412,0.003,0.485,0.054,0.43
"TNKS2",0.155,0.453,0.126,0.242,0.004,0.164,0.333,0.001,0.415,0.051,0.408
"TOP1",0.072,0.131,0.065,0.266,0.316,0.272,0.134,0.035,0.067,0.023,0.556
"Antimetabolite",0.297,0.376,0.003,0.227,0.345,0.402,0.433,0.427,0.244,0.071,0.46
"MEK1",0.057,0.097,0.499,0.253,0.461,0.169,0.363,0.442,0.329,0.047,0.05
"MEK2",0.035,0.086,0.498,0.275,0.519,0.092,0.604,0.413,0.279,0.047,0.053
"PARP1",0.273,0.32,0.226,0.442,0.084,0.036,0.448,0.051,0.061,0.286,0.241
"PARP2",0.248,0.268,0.249,0.307,0.542,0.059,0.463,0.435,0.194,0.151,0.232
"CHEK1",0.011,0.171,0,0.303,0.426,0.27,0.313,0.022,0.358,0.107,0.429
"NTRK1",0.139,0.352,0.002,0.496,0.103,0.417,0.212,0.029,0.355,0.092,0.339
"p38",0.127,0.091,0.18,0.442,0.398,0.216,0.1,0.484,0.112,0.04,0.376
"MDM2",0.186,0.244,0.068,0.27,0.116,0.439,0.191,0.46,0.355,0.55,0.07
