"","EGFR","Hypoxia","JAK.STAT","MAPK","NFkB","PI3K","TGFb","TNFa","Trail","VEGF","p53"
"EGFR",1,1,1,0.0332186507936508,0.664373015873016,1,1,1,0.332186507936508,1,0.979950198412698
"MTORC1",1,0.680982341269841,1,0.0332186507936508,1,1,1,1,1,1,1
"PDGFR",0.913512896825397,0.913512896825397,0.913512896825397,0.730810317460317,0.913512896825397,1,1,0.913512896825397,1,1,1
"KIT",0.747419642857143,0.723428395061728,0.723428395061728,0.723428395061728,0.723428395061728,1,0.723428395061728,0.723428395061728,0.723428395061728,0.723428395061728,0.723428395061728
"VEGFR",0.859993959435626,0.617866904761905,0.465061111111111,0.617866904761905,0.859993959435626,0.617866904761905,0.625617923280423,0.859993959435626,0.896903571428572,0.617866904761905,1
"FLT3",0.906394614512472,1,1,0.906394614512472,0.498279761904762,0.737454047619048,0.737454047619048,0.520425529100529,0.498279761904762,1,1
"RET",1,0.922740299823633,0.204848346560847,0.204848346560847,0.199311904761905,0.204848346560847,0.676830009920635,0.204848346560847,0.204848346560847,1,0.676830009920635
"CSF1R",0.943409682539682,0.943409682539682,1,0.943409682539682,0.0664373015873016,0.943409682539682,0.498279761904762,0.166093253968254,0.797247619047619,0.797247619047619,0.943409682539682
"MET",1,1,0.132874603174603,0.724166587301587,0.132874603174603,1,1,1,0.724166587301587,0.243603439153439,1
"Proteasome",0.199311904761905,0.720844722222222,0.494127430555556,0.317949943310658,0,0.317949943310658,0.815366883116883,0.116265277777778,0.317949943310658,0.317949943310658,0.720844722222222
"Microtubule stabiliser",0.293431415343915,1,0.293431415343915,0.933813183421517,0.182702579365079,0.182702579365079,1,0.308458900226757,0.182702579365079,0.0996559523809524,0.552260069444445
"SMO",1,1,1,1,1,1,1,1,0.847075595238095,0.847075595238095,1
"BRAF",0.656991093474427,0.348795833333333,0.39862380952381,0.358761428571429,0.793925753968254,0.348795833333333,1,0.358761428571429,0.39862380952381,0.358761428571429,0.543955406746032
"AURKA",0.365405158730159,1,1,0.469806632653061,0.469806632653061,0.365405158730159,0.469806632653061,0.469806632653061,0.365405158730159,0.981795679012346,0.981795679012346
"AURKB",0.39862380952381,1,0.232530555555556,0.697591666666667,1,1,1,1,1,0.697591666666667,1
"AURKC",1,1,1,1,1,1,1,1,1,1,1
"ABL",0.232530555555556,0.896903571428571,0.0664373015873016,0.0664373015873016,1,0.0664373015873016,0.978104717813051,1,0.166093253968254,0.12456994047619,0.978104717813051
"ALK",0.979950198412698,0.697591666666667,0.925376700680272,1,0.925376700680272,0.925376700680272,0.925376700680272,1,0.925376700680272,0.298967857142857,1
"SRC",0.677660476190476,1,0.166093253968254,0,0.0332186507936508,1,1,0.406928472222222,1,1,1
"CDK1",0.498279761904762,1,0.963340873015873,1,1,0.531498412698413,1,1,1,1,1
"CDK2",1,1,1,1,1,1,1,1,1,1,1
"CDK5",1,1,1,1,0.298967857142857,1,1,1,1,1,1
"CDK7",0.365405158730159,0.69343933531746,0.506584424603175,0.511567222222222,0.506584424603175,1,0.69343933531746,1,0.69343933531746,0.0996559523809524,1
"CDK9",1,0.969984603174603,1,0.969984603174603,1,0.969984603174603,1,0.969984603174603,1,1,0.969984603174603
"PKC",0.70866455026455,1,1,0.631154365079365,1,0.70866455026455,1,1,1,1,1
"CDK4",1,1,1,1,1,1,1,1,1,1,1
"LCK",1,1,0.487206878306878,0.487206878306878,1,1,1,0.885830687830688,0.589631051587302,0.487206878306878,0.84375373015873
"BMX",0.343259391534392,0.556412400793651,0.916834761904762,0.556412400793651,0.21592123015873,0.556412400793651,0.556412400793651,0.0996559523809524,0.556412400793651,1,0.916834761904762
"PLK1",0.365405158730159,1,0.559971541950113,1,0.365405158730159,0.249139880952381,1,0.365405158730159,0.0664373015873016,0.365405158730159,1
"PLK3",1,1,1,0.166093253968254,1,1,1,1,0.132874603174603,1,1
"IGF1R",0.984102529761905,0.664373015873016,0.199311904761905,0.984102529761905,0.757385238095238,0.913512896825397,1,0.664373015873016,1,1,0.664373015873016
"IR",0.656068353174603,0.783960158730159,0.771410890652557,0.771410890652557,0.132874603174603,0.771410890652557,0.771410890652557,0.132874603174603,0.656068353174603,0.771410890652557,1
"MTOR",1,1,1,0.664373015873016,1,1,1,1,1,0.564717063492064,1
"AKT1",1,0.948577028218695,0.564717063492064,0.182702579365079,0.0996559523809524,0.636690806878307,1,0.210384788359788,0.636690806878307,0.692846145124717,0.948577028218695
"AKT2",0.903547301587302,0.903547301587302,0.690947936507937,0.132874603174603,0.132874603174603,0.690947936507937,0.903547301587302,0.365405158730159,0.903547301587302,0.903547301587302,0.948241486291486
"AKT3",0.721319274376417,0.418555,0.315577182539683,0.418555,0.418555,0.840431865079365,1,0.840431865079365,0.315577182539683,0.840431865079365,0.559180621693122
"HDAC1",1,1,1,0.448451785714286,1,0.0332186507936508,1,1,1,1,1
"IKK",0.874757804232804,0.692846145124717,0.0664373015873016,0.240835218253968,0.0664373015873016,0.874757804232804,1,1,0.531498412698413,0.0775101851851852,0.581326388888889
"PI3Kbeta",0.0332186507936508,0.786174735449735,0.0442915343915344,0.0332186507936508,1,1,0.55364417989418,0.323881845238095,0.783011054421769,0.786174735449735,0.451773650793651
"ERK5",0.913512896825397,0.996559523809524,0.913512896825397,0.132874603174603,0.132874603174603,0.913512896825397,1,0.913512896825397,0.913512896825397,0.913512896825397,1
"ERBB2",0.880294246031746,1,1,1,0.880294246031746,1,1,1,1,1,1
"ROCK1",0.946731547619048,1,0.232530555555556,1,0.930122222222222,1,1,1,1,1,0.930122222222222
"ROCK2",1,1,1,1,1,1,1,1,1,1,1
"DNA crosslinker",1,0.968877314814815,0.132874603174603,1,0.298967857142857,0.631154365079365,1,1,0.298967857142857,0.132874603174603,1
"Microtubule destabiliser",0.481670436507937,0.946731547619048,0.199311904761905,1,1,1,1,0.232530555555556,0.199311904761905,0.946731547619048,1
"AR",0.971645535714286,1,1,0.971645535714286,0.382014484126984,1,1,1,1,0.382014484126984,1
"ATM",0.757385238095238,0.738192239858907,0.738192239858907,0.0996559523809524,0.465061111111111,0.738192239858907,0.738192239858907,0.664373015873016,0.132874603174603,1,0.465061111111111
"FLT1",1,1,1,0.653300132275132,0.182702579365079,1,1,0.182702579365079,1,0.896903571428571,1
"GSK3A",0.870328650793651,1,0.870328650793651,1,1,0.870328650793651,1,1,1,0.564717063492064,0.870328650793651
"GSK3B",0.465061111111111,1,0.777316428571429,1,1,0.777316428571429,1,1,1,0.39862380952381,0.777316428571429
"PDGFRA",1,1,0.30727251984127,1,0.0332186507936508,0.653300132275132,0.930122222222222,0.182702579365079,0.30727251984127,0.653300132275132,1
"VEGFR2",0.751571974206349,0.793556657848325,0.517261848072562,0.166093253968254,0.166093253968254,1,0.372048888888889,0.323881845238095,0.470597552910053,0.323881845238095,1
"FGFR1",0.455570068027211,0.455570068027211,0.143947486772487,0.116265277777778,0.455570068027211,0.455570068027211,0.734501278659612,1,1,0,0.535650744047619
"TIE2",1,1,1,0.0664373015873016,0.0332186507936508,1,1,0.224225892857143,0.224225892857143,1,1
"JNK2",0.930122222222222,1,1,1,1,1,1,1,1,1,1
"BRD2",1,1,0.631154365079365,0.653300132275132,0.631154365079365,1,1,1,1,0.722505654761905,1
"BRD3",1,1,0.896903571428571,0.896903571428571,0.896903571428571,1,1,1,1,0.971645535714286,1
"BRD4",1,0.465061111111111,1,1,1,1,1,1,1,0.43184246031746,1
"BRDT",0.323881845238095,0.0332186507936508,1,0.382014484126984,0.440147123015873,0.310040740740741,0.378692619047619,0.310040740740741,1,0.40336933106576,1
"FNTA",0.398623809523809,1,0.398623809523809,0.689287003968254,0,1,1,0.398623809523809,0.398623809523809,0.398623809523809,0.689287003968254
"PDK1 (PDPK1)",1,1,1,1,0.132874603174603,0.98548664021164,1,1,1,1,0.98548664021164
"BCL2",1,1,1,1,1,1,1,1,1,1,1
"BCL-XL",1,1,1,1,1,1,1,1,1,1,1
"BCL-W",1,0.265749206349206,0.651085555555556,0.971645535714286,0.6754458994709,0.651085555555556,0.651085555555556,0.971645535714286,1,0.651085555555556,1
"MCL1",0.398623809523809,0.398623809523809,0.618697371031746,1,0.0332186507936508,1,1,0.398623809523809,0.550480498866213,0.149483928571429,0.398623809523809
"dsDNA break",0.0664373015873016,0.435994791666667,0.773994563492064,0.435994791666667,0.141179265873016,0.690209744268078,0.435994791666667,0.0664373015873016,0.0332186507936508,0.252461746031746,1
"BTK",1,1,1,1,1,1,1,1,1,1,1
"HSP90",1,1,0.524854682539683,1,0,1,1,0.0221457671957672,0.083046626984127,0,1
"PDGFRB",1,0.85419387755102,0.458417380952381,0.458417380952381,0.448451785714286,0.458417380952381,0.971645535714286,0.448451785714286,1,0.85419387755102,1
"IKK2",0.448451785714286,1,1,0.298967857142857,1,1,1,1,1,1,1
"Amyloid beta20",1,1,1,1,1,1,1,1,1,0.132874603174603,1
"Amyloid beta40",1,1,1,1,1,1,1,1,1,0.298967857142857,1
"JAK2",1,0.61454503968254,0.61454503968254,0.61454503968254,1,0.61454503968254,1,0.61454503968254,1,0.61454503968254,1
"JNK1",1,1,0.451773650793651,0.451773650793651,0.451773650793651,1,1,0.780638293650794,0.451773650793651,0.451773650793651,1
"CDK6",1,0.690947936507937,0.453988227513228,1,0.453988227513228,0.531498412698413,1,0.132874603174603,1,1,1
"PI3K (class 1)",1,0.780638293650794,1,0,1,1,1,1,1,1,1
"PI3Kgamma",0.597935714285714,1,0.597935714285714,1,1,1,1,1,0.597935714285714,1,1
"RSK",0.816229705215419,1,1,1,0.232530555555556,0.816229705215419,1,0.321113624338624,0.524854682539683,0.249139880952381,0.52319375
"G9a and GLP",0.934867743764172,0.934867743764172,0.934867743764172,0.934867743764172,1,1,1,1,0.631154365079365,0.934867743764172,0.913512896825397
"FLT4",1,1,1,1,1,1,1,1,1,1,1
"NTRK2",0.12180171957672,0.332186507936508,0.548107738095238,0.564717063492063,0.0166093253968254,0.743267311507936,0.926800357142857,0.0166093253968254,0.132874603174603,0.990519769119769,0.926800357142857
"LTK",0.905208234126984,0.905208234126984,0.905208234126984,1,0.905208234126984,0.808320502645503,1,0.905208234126984,0.365405158730159,0.808320502645503,1
"TAK1",0.95503621031746,0.999881388888889,1,0.999881388888889,0.564717063492063,0.999881388888889,0.999881388888889,0.564717063492063,0.564717063492063,0.999881388888889,0.999881388888889
"ERK2",1,0.571360793650794,0.571360793650794,0.571360793650794,1,1,0.787756575963719,0.571360793650794,0.571360793650794,1,0.680982341269841
"HDAC6",0.498279761904762,0.498279761904762,1,0.498279761904762,0.907976455026455,0.498279761904762,1,0.907976455026455,1,1,1
"VEGFR1",1,1,1,1,1,1,1,1,1,1,1
"VEGFR3",0.6754458994709,1,1,0.6754458994709,1,0.6754458994709,1,0.6754458994709,0.6754458994709,1,0.6754458994709
"MTORC2",0.697591666666667,0.697591666666667,1,0.697591666666667,0.697591666666667,0.697591666666667,0.697591666666667,1,0.697591666666667,0.697591666666667,0.697591666666667
"PIM3",1,1,1,1,0.465061111111111,0.903547301587302,0.656068353174603,0.465061111111111,1,1,0.465061111111111
"ALK5",0.489975099206349,0.743267311507936,0.702337188208617,0.489975099206349,0.702337188208617,1,1,0.489975099206349,0.489975099206349,0.617866904761905,1
"TNKS1",0.714200992063492,1,0.83046626984127,0.83046626984127,0.116265277777778,1,1,0.0996559523809524,1,0.597935714285714,1
"TNKS2",0.907976455026455,1,0.907976455026455,1,0.0664373015873016,0.907976455026455,1,0.0332186507936508,1,0.564717063492063,1
"TOP1",0.478348571428571,0.635899886621315,0.478348571428571,1,1,1,0.635899886621315,0.478348571428571,0.478348571428571,0.478348571428571,1
"Antimetabolite",1,1,0.0996559523809524,1,1,1,1,1,1,1,1
"MEK1",0.631154365079365,0.805552281746032,1,1,1,1,1,1,1,0.631154365079365,0.631154365079365
"MEK2",0.586862830687831,0.611223174603175,1,1,1,0.611223174603175,1,1,1,0.586862830687831,0.586862830687831
"PARP1",1,1,1,1,0.697591666666667,0.6754458994709,1,0.6754458994709,0.6754458994709,1,1
"PARP2",1,1,1,1,1,1,1,1,1,1,1
"CHEK1",0.182702579365079,1,0,1,1,1,1,0.243603439153439,1,0.888598908730159,1
"NTRK1",0.923478492063492,1,0.0664373015873016,1,0.855380257936508,1,1,0.481670436507937,1,0.855380257936508,1
"p38",0.84375373015873,0.84375373015873,0.996559523809524,1,1,1,0.84375373015873,1,0.84375373015873,0.84375373015873,1
"MDM2",1,1,1,1,1,1,1,1,1,1,1
