"","EGFR","Hypoxia","JAK.STAT","MAPK","NFkB","PI3K","TGFb","TNFa","Trail","VEGF","p53"
"EGFR",0.710879126984127,1,0.631154365079365,1,0.710879126984127,1,1,1,1,0.166093253968254,0.631154365079365
"MTORC1",0.911140136054422,1,0.911140136054422,0.249139880952381,0.249139880952381,0.764028968253968,0.783960158730159,1,0.783960158730159,1,0.984102529761905
"PDGFR",0,1,1,0.221457671957672,1,1,1,1,1,1,0.0498279761904762
"KIT",0.332186507936508,1,0.520425529100529,0.520425529100529,0.520425529100529,0.564717063492063,1,0.332186507936508,0.712355511463845,0.712355511463845,0.520425529100529
"VEGFR",1,1,1,1,0.0664373015873016,1,1,0.70866455026455,0.70866455026455,1,1
"FLT3",1,1,1,1,1,1,1,1,1,1,1
"RET",0.95503621031746,1,0.95503621031746,0.409696693121693,0.0332186507936508,0.95503621031746,1,0.249139880952381,1,0.624510634920635,0.624510634920635
"CSF1R",1,1,1,1,1,1,0.930122222222222,1,1,1,1
"MET",1,0.232530555555556,0.556412400793651,1,1,1,1,0,1,1,0.232530555555556
"Proteasome",0.0996559523809524,0.199311904761905,1,1,1,0.332186507936508,1,0.730810317460317,1,0.863684920634921,1
"Microtubule stabiliser",0.888598908730159,1,1,1,0.930122222222222,1,1,0.581326388888889,0.888598908730159,1,0.265749206349206
"SMO",1,1,0.448451785714286,0.0498279761904762,1,1,0.305611587301587,0.305611587301587,1,0.132874603174603,0.0332186507936508
"BRAF",0.332186507936508,0.735555839002268,0.750741507936508,1,0.348795833333333,0.735555839002268,0.735555839002268,0.735555839002268,0.750741507936508,0.564717063492063,0.750741507936508
"AURKA",0.593783382936508,1,0.0885830687830688,0,0,0.593783382936508,1,1,0.292324126984127,0.593783382936508,0.0913512896825397
"AURKB",1,1,0.896903571428572,0.0996559523809524,1,1,0.323881845238095,1,1,0.166093253968254,0.166093253968254
"AURKC",0.920156626984127,1,0.243603439153439,0.199311904761905,0.0332186507936508,0.787756575963719,0.904285493827161,0.904285493827161,0.504923492063492,0.415233134920635,0.725273875661376
"ABL",0.896903571428572,1,0.514889087301587,0.896903571428572,0.0996559523809524,0.974413756613757,1,1,0.786174735449735,1,1
"ALK",0.0996559523809524,0.0996559523809524,1,1,0.915885657596372,1,0.915885657596372,0.149483928571429,1,0,0.915885657596372
"SRC",0.963340873015873,0.963340873015873,1,0.741883201058201,0.166093253968254,0.963340873015873,0.963340873015873,1,0.182702579365079,1,0.963340873015873
"CDK1",0.888598908730159,0.888598908730159,0.888598908730159,0.888598908730159,0.863684920634921,1,1,1,0.888598908730159,0.348795833333333,0.348795833333333
"CDK2",1,1,1,1,1,1,1,1,1,0.232530555555556,1
"CDK5",0.265749206349206,0.393087367724868,1,0.393087367724868,0.265749206349206,0.265749206349206,1,1,0.548107738095238,0.393087367724868,0.548107738095238
"CDK7",0.714200992063492,0.714200992063492,1,1,0.714200992063492,1,1,0.714200992063492,1,0.714200992063492,0.564717063492064
"CDK9",1,1,1,0.323881845238095,1,1,1,0.210384788359788,1,0.210384788359788,0.210384788359788
"PKC",0,0.376478042328042,1,0.664373015873016,1,0.83046626984127,1,0.724166587301587,1,0.83046626984127,0.0664373015873016
"CDK4",0.992407192460317,0.992407192460317,1,0.950053412698413,1,0.992407192460317,0.764028968253968,1,0.950053412698413,0.950053412698413,0.950053412698413
"LCK",1,1,1,0.653300132275132,0.348795833333333,0.888598908730159,1,1,0.166093253968254,1,1
"BMX",1,0.465061111111111,0.199311904761905,1,0.488788718820862,1,0.847075595238095,0.465061111111111,0.465061111111111,0.465061111111111,0.488788718820862
"PLK1",0.688100623582766,0.688100623582766,1,0.764028968253968,0.688100623582766,0.688100623582766,1,0.688100623582766,0.688100623582766,1,0.688100623582766
"PLK3",0.43184246031746,1,1,0.0664373015873016,0.0664373015873016,0.512516326530612,1,0.0664373015873016,1,0.0996559523809524,0.0664373015873016
"IGF1R",0,1,0.612172278911565,0.149483928571429,0.9448860670194,0,1,0.166093253968254,0.612172278911565,0.9448860670194,0.0110728835978836
"IR",1,1,1,0.874757804232804,1,1,1,1,1,0.298967857142857,0.298967857142857
"MTOR",1,0.941195105820106,1,1,1,0.941195105820106,0.941195105820106,1,1,1,1
"AKT1",0.747419642857143,0.747419642857143,1,0.514889087301587,0.232530555555556,0.826775308641975,0.717522857142857,0.199311904761905,0.232530555555556,0.747419642857143,0.996559523809524
"AKT2",0.700913531746032,0.682827821869489,1,0.338830238095238,0.0996559523809524,0.682827821869489,0.274053869047619,0.0996559523809524,0.0996559523809524,0.382014484126984,0.682827821869489
"AKT3",1,1,1,0.963340873015873,1,1,0.664373015873016,0.664373015873016,1,0.963340873015873,1
"HDAC1",0.82097522675737,0.166093253968254,1,0.82097522675737,0.357100496031746,1,1,0.357100496031746,0.357100496031746,0.43184246031746,1
"IKK",1,0.816229705215419,0.0664373015873016,0.420769576719577,0.312255317460317,1,1,0.188239021164021,1,0.188239021164021,0.312255317460317
"PI3Kbeta",0.445129920634921,1,1,0.287894973544974,0.0664373015873016,1,1,0.083046626984127,0.445129920634921,1,1
"ERK5",1,1,1,1,1,1,1,1,1,1,1
"ERBB2",1,1,1,1,1,1,1,0.232530555555556,1,1,1
"ROCK1",0.52319375,1,0.571360793650794,1,0.199311904761905,0.52319375,1,1,1,1,0.52319375
"ROCK2",0,0.370150680272109,0.370150680272109,0.370150680272109,0.0166093253968254,0.473365773809524,1,1,1,0.370150680272109,0.0332186507936508
"DNA crosslinker",1,1,0.539803075396825,0.282358531746032,0.531498412698413,1,0.282358531746032,1,1,1,1
"Microtubule destabiliser",1,1,1,1,0.885830687830688,1,1,0.885830687830688,1,1,0.885830687830688
"AR",1,0.645390929705215,0.0996559523809524,0.645390929705215,1,1,1,0.0996559523809524,0.645390929705215,0.182702579365079,0.182702579365079
"ATM",1,1,0.855380257936508,1,0.282358531746032,1,1,0.282358531746032,1,0.855380257936508,1
"FLT1",1,0.896903571428571,1,1,1,1,1,0.896903571428571,1,1,1
"GSK3A",0.911140136054422,0.73911498015873,0.409696693121693,0.933813183421517,0.85039746031746,1,0.933813183421517,0,1,0.880294246031746,0.348795833333333
"GSK3B",1,0.979950198412698,0.420769576719577,1,1,1,0.883616111111111,0.166093253968254,1,0.465061111111111,0.182702579365079
"PDGFRA",1,1,1,1,1,1,1,1,1,1,1
"VEGFR2",1,1,0.556412400793651,0.556412400793651,0.556412400793651,1,1,0.556412400793651,1,1,1
"FGFR1",0.157788591269841,1,0.503816203703704,0.0498279761904762,0.0498279761904762,1,1,0.0664373015873016,1,1,0.498279761904762
"TIE2",0.703128108465608,1,0.591291984126984,1,0.332186507936508,1,1,0.332186507936508,0.340491170634921,0.332186507936508,1
"JNK2",0.298967857142857,1,0.903547301587302,0.903547301587302,0.903547301587302,1,0.903547301587302,1,1,1,1
"BRD2",1,0.719737433862434,1,0.538142142857143,0,1,1,0.448451785714286,0.538142142857143,0.538142142857143,0.740301360544218
"BRD3",1,0.741883201058201,1,0.440147123015873,0,1,1,0.298967857142857,0.440147123015873,0.741883201058201,1
"BRD4",1,1,1,1,1,1,1,1,1,1,1
"BRDT",0.0996559523809524,0.823084347442681,0.823084347442681,0.141179265873016,0.683355102040816,1,0.651085555555556,0.0996559523809524,0.683355102040816,0.840431865079365,0.0996559523809524
"FNTA",0,0.913512896825397,1,0.166093253968254,1,0.564717063492063,0.298967857142857,0.298967857142857,0.564717063492063,1,0.913512896825397
"PDK1 (PDPK1)",0.481670436507936,1,0.481670436507936,0.0221457671957672,0,0.911140136054422,1,1,0.0747419642857143,1,0
"BCL2",1,0.697591666666667,0.697591666666667,0.697591666666667,1,1,0.697591666666667,0.697591666666667,0.764028968253968,0.697591666666667,0.697591666666667
"BCL-XL",1,0.780638293650794,0.959188541666667,0.647763690476191,1,1,0.631154365079365,0.686518783068783,0.959188541666667,0.780638293650794,0.780638293650794
"BCL-W",1,0.70866455026455,0.70866455026455,1,1,1,0.70866455026455,0.70866455026455,1,0.132874603174603,0.70866455026455
"MCL1",1,1,1,0.348795833333333,1,1,0.132874603174603,1,1,1,0.996559523809524
"dsDNA break",0.465061111111111,1,0.522007369614512,0.232530555555556,0.423537797619048,1,0.423537797619048,1,0.465061111111111,1,0.265749206349206
"BTK",0.0332186507936508,0.348795833333333,0.917665228174603,0.0747419642857143,1,0.999881388888889,0.999881388888889,0.0332186507936508,0.259105476190476,0.588444671201814,0.0332186507936508
"HSP90",0.524854682539683,1,0.738192239858907,0.524854682539683,0.524854682539683,0.84375373015873,0.714200992063492,0.524854682539683,0.524854682539683,0.738192239858907,0.738192239858907
"PDGFRB",0.274053869047619,0.978104717813051,0.978104717813051,1,0.274053869047619,0.978104717813051,0.978104717813051,0.274053869047619,0.484992301587302,0.274053869047619,1
"IKK2",0.816229705215419,0.919049338624339,1,1,0.816229705215419,0.919049338624339,0.597935714285714,0.816229705215419,0.772333630952381,0.597935714285714,0.597935714285714
"Amyloid beta20",1,1,0.166093253968254,0.478348571428571,0.478348571428571,1,1,1,1,0.478348571428571,0.478348571428571
"Amyloid beta40",0.749792403628118,0.946731547619048,0.166093253968254,0.749792403628118,0.39862380952381,1,1,0.749792403628118,1,0.749792403628118,0.749792403628118
"JAK2",1,0.542571296296296,1,1,0.39862380952381,1,0.671016746031746,1,0.542571296296296,1,0.671016746031746
"JNK1",1,0.657729285714286,0.745046882086168,0.745046882086168,0.657729285714286,0.657729285714286,1,0.657729285714286,0.657729285714286,1,1
"CDK6",0.182702579365079,1,1,0.166093253968254,1,1,1,1,0.83046626984127,0.83046626984127,0.83046626984127
"PI3K (class 1)",1,1,1,1,0.12180171957672,1,0.199311904761905,0.0996559523809524,0.0996559523809524,1,1
"PI3Kgamma",1,1,1,0.177166137566138,1,1,0.177166137566138,0.941195105820106,0.941195105820106,0.199311904761905,0.177166137566138
"RSK",0.787756575963719,0.787756575963719,0.787756575963719,1,1,0.787756575963719,0.531498412698413,0.787756575963719,1,0.787756575963719,1
"G9a and GLP",0.0664373015873016,0.936765952380952,0.90936056547619,1,0.191007242063492,0.503816203703704,0.132874603174603,0,0.536243934240363,0.285680396825397,0.936765952380952
"FLT4",1,1,1,1,1,1,1,1,1,1,1
"NTRK2",0.0332186507936508,1,1,0.725273875661376,1,1,0.177166137566138,1,0.647763690476191,0.177166137566138,0.725273875661376
"LTK",0.251512641723356,0.672677678571429,1,1,0.251512641723356,1,0.251512641723356,0.251512641723356,0.251512641723356,0.251512641723356,0.251512641723356
"TAK1",0.852612037037037,1,0.0996559523809524,0.680982341269841,0.917665228174603,0.85893939909297,1,0.0664373015873016,1,0.852612037037037,0.0996559523809524
"ERK2",0.757385238095238,0.764028968253968,0.764028968253968,0.564717063492064,0.764028968253968,0.520425529100529,0.520425529100529,0.520425529100529,0.764028968253968,0.764028968253968,0.939181854256854
"HDAC6",0,0.110728835978836,0.689287003968254,1,0.110728835978836,1,0.0664373015873016,0.0332186507936508,0.284731292517007,1,0.107960615079365
"VEGFR1",1,0.730810317460317,1,1,1,1,1,0.730810317460317,1,0.730810317460317,1
"VEGFR3",0.606240376984127,0.415233134920635,0.777316428571429,1,0.896903571428571,1,1,0.606240376984127,1,0.415233134920635,0.847075595238095
"MTORC2",0.0996559523809524,0.877921485260771,0.869221362433862,0.0996559523809524,0.0996559523809524,1,1,0.869221362433862,1,1,0
"PIM3",0.172736984126984,1,1,0.672677678571429,0.172736984126984,0.254676322751323,0.465061111111111,0.172736984126984,0.172736984126984,0.837848192239859,0.172736984126984
"ALK5",0.558073333333333,0.603472156084656,1,0.465061111111111,0.465061111111111,1,1,0.811484183673469,1,0.232530555555556,0.282358531746032
"TNKS1",0.498279761904762,0.867375881834215,0.82572074829932,0.714200992063492,0.82572074829932,1,0.82572074829932,0.82572074829932,0.867375881834215,1,0.82572074829932
"TNKS2",0.232530555555556,0.979950198412698,0.684304206349206,0.684304206349206,0.684304206349206,1,0.514889087301587,0.979950198412698,0.992868562610229,1,0.979950198412698
"TOP1",1,1,0.741883201058201,0.741883201058201,0.741883201058201,1,1,1,1,1,1
"Antimetabolite",1,1,1,0.609008597883598,0,1,1,0.199311904761905,1,1,1
"MEK1",0.406928472222222,0.520425529100529,1,0.406928472222222,1,0.406928472222222,0.406928472222222,1,0.520425529100529,0.564717063492063,1
"MEK2",0.199311904761905,0.365405158730159,1,0.470597552910053,1,0.265749206349206,0.365405158730159,1,0.470597552910053,1,0.85419387755102
"PARP1",1,1,1,1,1,1,1,1,1,1,1
"PARP2",0.803891349206349,0.803891349206349,1,0.531498412698413,1,1,0.803891349206349,1,0.946731547619048,0.803891349206349,1
"CHEK1",1,1,1,1,1,1,1,1,1,1,1
"NTRK1",0.703128108465608,0.703128108465608,1,0.298967857142857,0.971645535714286,1,0.298967857142857,0.703128108465608,1,0.332186507936508,0.887412528344671
"p38",0.141179265873016,0.141179265873016,0.384387244897959,0.245818015873016,0.141179265873016,1,1,1,0.141179265873016,1,0.348795833333333
"MDM2",0.855380257936508,0.922740299823633,0.487206878306878,0.487206878306878,1,0.564717063492063,0.465061111111111,0.132874603174603,0.487206878306878,1,0.132874603174603
