"","EGFR","Hypoxia","JAK.STAT","MAPK","NFkB","PI3K","TGFb","TNFa","Trail","VEGF","p53"
"EGFR",0.097,0.263,0.05,0.483,0.107,0.487,0.302,0.36,0.421,0.005,0.057
"MTORC1",0.192,0.41,0.166,0.015,0.014,0.069,0.111,0.282,0.118,0.458,0.237
"PDGFR",0,0.226,0.195,0.02,0.201,0.408,0.328,0.355,0.607,0.502,0.003
"KIT",0.016,0.42,0.082,0.094,0.089,0.119,0.498,0.02,0.173,0.193,0.071
"VEGFR",0.234,0.446,0.299,0.2,0.002,0.343,0.377,0.052,0.064,0.482,0.147
"FLT3",0.328,0.286,0.116,0.511,0.441,0.354,0.402,0.372,0.325,0.465,0.35
"RET",0.23,0.36,0.223,0.037,0.001,0.182,0.478,0.015,0.374,0.084,0.094
"CSF1R",0.114,0.392,0.327,0.304,0.586,0.153,0.028,0.226,0.269,0.255,0.104
"MET",0.198,0.021,0.067,0.195,0.47,0.281,0.535,0,0.34,0.312,0.014
"Proteasome",0.003,0.012,0.213,0.293,0.306,0.03,0.227,0.088,0.332,0.13,0.347
"Microtubule stabiliser",0.107,0.202,0.444,0.388,0.14,0.375,0.422,0.035,0.088,0.41,0.008
"SMO",0.235,0.326,0.081,0.003,0.331,0.308,0.044,0.046,0.521,0.012,0.001
"BRAF",0.01,0.094,0.183,0.399,0.021,0.133,0.139,0.155,0.226,0.051,0.224
"AURKA",0.143,0.532,0.008,0,0,0.129,0.394,0.331,0.044,0.114,0.011
"AURKB",0.292,0.461,0.135,0.003,0.237,0.263,0.039,0.482,0.329,0.012,0.015
"AURKC",0.277,0.428,0.022,0.012,0.001,0.166,0.222,0.245,0.076,0.05,0.131
"ABL",0.135,0.364,0.031,0.13,0.003,0.176,0.252,0.314,0.071,0.42,0.235
"ALK",0.006,0.009,0.37,0.354,0.193,0.427,0.191,0.018,0.362,0,0.145
"SRC",0.232,0.187,0.311,0.067,0.005,0.208,0.224,0.461,0.011,0.296,0.139
"CDK1",0.204,0.152,0.187,0.123,0.078,0.533,0.508,0.373,0.214,0.014,0.021
"CDK2",0.132,0.116,0.367,0.414,0.189,0.438,0.43,0.318,0.198,0.007,0.298
"CDK5",0.008,0.064,0.311,0.067,0.024,0.022,0.409,0.345,0.119,0.071,0.132
"CDK7",0.043,0.129,0.449,0.29,0.127,0.492,0.24,0.11,0.269,0.117,0.017
"CDK9",0.157,0.444,0.227,0.039,0.316,0.225,0.439,0.016,0.36,0.019,0.019
"PKC",0,0.034,0.416,0.08,0.329,0.175,0.427,0.109,0.393,0.157,0.004
"CDK4",0.239,0.224,0.561,0.098,0.421,0.19,0.023,0.285,0.092,0.124,0.143
"LCK",0.344,0.467,0.507,0.059,0.021,0.107,0.185,0.265,0.005,0.504,0.335
"BMX",0.574,0.07,0.006,0.571,0.092,0.401,0.204,0.048,0.058,0.055,0.103
"PLK1",0.145,0.099,0.502,0.184,0.082,0.092,0.486,0.141,0.113,0.39,0.122
"PLK3",0.078,0.448,0.583,0.008,0.002,0.108,0.379,0.007,0.415,0.015,0.008
"IGF1R",0,0.41,0.123,0.018,0.247,0,0.393,0.025,0.129,0.256,0.001
"IR",0.135,0.575,0.649,0.079,0.159,0.53,0.714,0.376,0.631,0.01,0.018
"MTOR",0.438,0.085,0.383,0.401,0.495,0.047,0.058,0.324,0.24,0.362,0.37
"AKT1",0.18,0.177,0.473,0.062,0.021,0.224,0.108,0.006,0.019,0.179,0.3
"AKT2",0.211,0.162,0.429,0.051,0.006,0.185,0.033,0.004,0.009,0.069,0.182
"AKT3",0.32,0.315,0.405,0.09,0.294,0.34,0.029,0.04,0.225,0.116,0.25
"HDAC1",0.173,0.005,0.301,0.163,0.026,0.501,0.352,0.041,0.043,0.065,0.251
"IKK",0.501,0.172,0.002,0.076,0.047,0.336,0.474,0.017,0.459,0.012,0.042
"PI3Kbeta",0.067,0.31,0.295,0.026,0.002,0.226,0.308,0.005,0.06,0.384,0.536
"ERK5",0.093,0.438,0.165,0.329,0.282,0.071,0.327,0.226,0.344,0.04,0.227
"ERBB2",0.302,0.193,0.11,0.108,0.366,0.248,0.246,0.007,0.315,0.643,0.15
"ROCK1",0.052,0.241,0.086,0.419,0.006,0.063,0.333,0.352,0.526,0.333,0.05
"ROCK2",0,0.078,0.066,0.047,0.001,0.114,0.33,0.482,0.429,0.069,0.003
"DNA crosslinker",0.355,0.202,0.065,0.015,0.048,0.491,0.017,0.586,0.171,0.51,0.405
"Microtubule destabiliser",0.465,0.438,0.468,0.277,0.08,0.377,0.466,0.078,0.187,0.123,0.027
"AR",0.387,0.114,0.004,0.135,0.607,0.399,0.309,0.006,0.136,0.019,0.022
"ATM",0.305,0.313,0.103,0.28,0.01,0.171,0.525,0.017,0.377,0.087,0.431
"FLT1",0.398,0.054,0.185,0.479,0.245,0.198,0.393,0.054,0.409,0.521,0.121
"GSK3A",0.192,0.089,0.037,0.229,0.128,0.532,0.253,0,0.354,0.159,0.021
"GSK3B",0.462,0.177,0.038,0.275,0.252,0.458,0.133,0.005,0.318,0.056,0.011
"PDGFRA",0.217,0.154,0.475,0.149,0.328,0.142,0.429,0.43,0.435,0.033,0.165
"VEGFR2",0.183,0.566,0.027,0.067,0.054,0.46,0.434,0.053,0.51,0.261,0.256
"FGFR1",0.019,0.267,0.091,0.003,0.002,0.31,0.321,0.006,0.394,0.332,0.075
"TIE2",0.127,0.562,0.089,0.341,0.012,0.301,0.391,0.03,0.041,0.022,0.239
"JNK2",0.009,0.196,0.135,0.057,0.135,0.469,0.136,0.441,0.302,0.368,0.214
"BRD2",0.66,0.13,0.353,0.081,0,0.474,0.362,0.027,0.049,0.077,0.156
"BRD3",0.344,0.116,0.242,0.049,0,0.439,0.542,0.018,0.053,0.134,0.263
"BRD4",0.102,0.296,0.194,0.059,0.238,0.35,0.488,0.604,0.174,0.213,0.481
"BRDT",0.009,0.223,0.21,0.017,0.144,0.531,0.098,0.004,0.143,0.253,0.006
"FNTA",0,0.22,0.362,0.01,0.34,0.102,0.036,0.036,0.092,0.386,0.215
"PDK1 (PDPK1)",0.08,0.429,0.087,0.002,0,0.192,0.447,0.268,0.009,0.534,0
"BCL2",0.3,0.107,0.147,0.061,0.306,0.395,0.022,0.112,0.184,0.112,0.146
"BCL-XL",0.305,0.117,0.209,0.039,0.537,0.382,0.019,0.062,0.231,0.125,0.141
"BCL-W",0.235,0.086,0.128,0.557,0.386,0.407,0.054,0.126,0.353,0.004,0.091
"MCL1",0.265,0.154,0.159,0.021,0.285,0.415,0.004,0.195,0.252,0.539,0.09
"dsDNA break",0.083,0.427,0.11,0.007,0.044,0.669,0.051,0.656,0.084,0.39,0.016
"BTK",0.001,0.063,0.221,0.009,0.376,0.282,0.301,0.002,0.039,0.124,0.003
"HSP90",0.022,0.36,0.2,0.051,0.076,0.254,0.129,0.049,0.079,0.175,0.198
"PDGFRB",0.013,0.262,0.223,0.32,0.033,0.265,0.219,0.017,0.073,0.028,0.43
"IKK2",0.152,0.249,0.446,0.449,0.172,0.249,0.019,0.148,0.093,0.042,0.054
"Amyloid beta20",0.235,0.307,0.005,0.072,0.063,0.449,0.455,0.198,0.405,0.071,0.063
"Amyloid beta40",0.131,0.228,0.005,0.091,0.024,0.394,0.331,0.158,0.526,0.145,0.097
"JAK2",0.352,0.049,0.523,0.347,0.012,0.526,0.09,0.336,0.034,0.203,0.101
"JNK1",0.529,0.099,0.157,0.154,0.054,0.049,0.336,0.082,0.081,0.387,0.349
"CDK6",0.011,0.313,0.357,0.005,0.233,0.235,0.308,0.405,0.105,0.125,0.097
"PI3K (class 1)",0.208,0.378,0.229,0.362,0.011,0.312,0.024,0.006,0.003,0.469,0.242
"PI3Kgamma",0.452,0.305,0.347,0.014,0.531,0.284,0.016,0.159,0.17,0.024,0.006
"RSK",0.166,0.156,0.084,0.458,0.398,0.079,0.016,0.102,0.448,0.126,0.379
"G9a and GLP",0.004,0.257,0.219,0.385,0.023,0.091,0.012,0,0.113,0.043,0.282
"FLT4",0.083,0.546,0.356,0.253,0.204,0.083,0.185,0.259,0.319,0.351,0.381
"NTRK2",0.001,0.248,0.482,0.12,0.383,0.384,0.014,0.45,0.078,0.016,0.131
"LTK",0.045,0.162,0.281,0.353,0.047,0.371,0.021,0.047,0.043,0.044,0.053
"TAK1",0.153,0.479,0.009,0.082,0.221,0.181,0.35,0.002,0.274,0.154,0.009
"ERK2",0.114,0.23,0.199,0.068,0.219,0.044,0.047,0.038,0.192,0.153,0.311
"HDAC6",0,0.018,0.166,0.345,0.02,0.514,0.006,0.002,0.06,0.312,0.013
"VEGFR1",0.144,0.052,0.175,0.543,0.499,0.504,0.398,0.066,0.224,0.058,0.241
"VEGFR3",0.058,0.025,0.117,0.338,0.189,0.365,0.283,0.073,0.54,0.021,0.153
"MTORC2",0.012,0.185,0.157,0.009,0.011,0.315,0.38,0.148,0.271,0.383,0
"PIM3",0.026,0.468,0.475,0.162,0.012,0.046,0.098,0.024,0.009,0.227,0.024
"ALK5",0.084,0.109,0.349,0.042,0.056,0.463,0.6,0.171,0.375,0.007,0.017
"TNKS1",0.015,0.235,0.1,0.043,0.156,0.388,0.093,0.155,0.229,0.454,0.174
"TNKS2",0.007,0.233,0.103,0.083,0.086,0.371,0.031,0.236,0.269,0.394,0.236
"TOP1",0.401,0.245,0.032,0.067,0.065,0.522,0.141,0.281,0.219,0.479,0.526
"Antimetabolite",0.309,0.291,0.133,0.055,0,0.363,0.209,0.012,0.25,0.398,0.25
"MEK1",0.039,0.093,0.325,0.046,0.602,0.034,0.049,0.317,0.094,0.119,0.328
"MEK2",0.006,0.044,0.3,0.085,0.553,0.016,0.036,0.565,0.078,0.328,0.18
"PARP1",0.105,0.181,0.319,0.056,0.559,0.564,0.294,0.623,0.083,0.137,0.288
"PARP2",0.117,0.08,0.384,0.016,0.495,0.555,0.121,0.486,0.171,0.107,0.529
"CHEK1",0.289,0.165,0.392,0.249,0.275,0.144,0.117,0.219,0.401,0.097,0.051
"NTRK1",0.116,0.099,0.32,0.009,0.234,0.476,0.018,0.127,0.527,0.03,0.187
"p38",0.017,0.013,0.081,0.037,0.006,0.315,0.356,0.434,0.017,0.327,0.063
"MDM2",0.206,0.25,0.088,0.076,0.392,0.119,0.042,0.005,0.076,0.525,0.008
