"","EGFR","Hypoxia","JAK.STAT","MAPK","NFkB","PI3K","TGFb","TNFa","Trail","VEGF","p53"
"EGFR",0.037,0.437,0.362,0.015,0.033,0.421,0.405,0.065,0.324,0.407,0.27
"MTORC1",0.162,0.038,0.351,0.31,0.404,0.324,0.064,0.193,0.167,0.03,0.334
"PDGFR",0.269,0.057,0.196,0.075,0.369,0.381,0.099,0.327,0.468,0.195,0.445
"KIT",0.374,0.113,0.095,0.597,0,0.038,0.288,0.007,0.583,0.078,0.379
"VEGFR",0.565,0.637,0.237,0.009,0.248,0.326,0.054,0.237,0.673,0.277,0.531
"FLT3",0.306,0.03,0.415,0.089,0.072,0.255,0.189,0.011,0.547,0.402,0.464
"RET",0.293,0.077,0.374,0.026,0.099,0.483,0.107,0.222,0.219,0.304,0.283
"CSF1R",0.124,0.107,0.455,0.396,0.013,0.301,0.192,0.008,0.161,0.207,0.368
"MET",0,0.184,0.636,0.024,0.082,0.174,0.55,0.286,0.506,0.646,0.61
"Proteasome",0.056,0.228,0.178,0.321,0.353,0.327,0.459,0.498,0.395,0.33,0.503
"Microtubule stabiliser",0.343,0.368,0.185,0.249,0.401,0.137,0.246,0.394,0.206,0.501,0.582
"SMO",0.438,0.416,0.138,0.581,0.043,0.388,0.606,0.076,0.548,0.279,0.115
"BRAF",0.224,0.009,0.205,0.211,0.578,0.298,0.287,0.113,0.157,0.166,0.006
"AURKA",0.003,0.035,0.315,0,0.394,0.481,0.655,0.427,0.159,0.045,0.265
"AURKB",0.233,0.183,0.453,0.033,0.402,0.391,0.494,0.264,0.251,0.397,0.077
"AURKC",0.012,0.228,0.252,0.001,0.202,0.542,0.464,0.153,0.193,0.085,0.534
"ABL",0.21,0.033,0.415,0.099,0.232,0.37,0.281,0.332,0.037,0.11,0.021
"ALK",0.004,0.357,0.625,0.633,0.119,0.13,0.117,0.072,0.155,0.302,0.124
"SRC",0.52,0.355,0.285,0.449,0.007,0.282,0.22,0.001,0.26,0.09,0.267
"CDK1",0.202,0.054,0.178,0.371,0.309,0.05,0.178,0.135,0.438,0.315,0.366
"CDK2",0.087,0.355,0.511,0.732,0.252,0.188,0.248,0.023,0.064,0.296,0.198
"CDK5",0.348,0.482,0.054,0.125,0.035,0.388,0.565,0.012,0.017,0.314,0.542
"CDK7",0,0.367,0.46,0.013,0.01,0.179,0.118,0.485,0.3,0.476,0.095
"CDK9",0.264,0.222,0.037,0.24,0.347,0.274,0.463,0.416,0.263,0.436,0.301
"PKC",0.133,0.175,0.203,0.115,0.515,0.535,0.426,0.105,0.446,0.511,0.436
"CDK4",0.093,0.48,0.061,0.126,0.521,0.19,0.055,0.463,0.403,0.208,0.343
"LCK",0.492,0.002,0.249,0.64,0.018,0.14,0.662,0.009,0.663,0.019,0.252
"BMX",0.012,0.202,0.208,0.001,0.402,0.313,0.129,0.131,0.297,0.066,0.181
"PLK1",0.267,0.092,0.218,0.469,0.498,0.242,0.217,0.299,0.317,0.486,0.316
"PLK3",0.001,0.343,0.06,0.116,0.048,0.366,0.187,0.074,0.242,0.45,0.16
"IGF1R",0.224,0.031,0.411,0.703,0.313,0.362,0.092,0.025,0.24,0.446,0.22
"IR",0.218,0.03,0.13,0.609,0.163,0.621,0.543,0.075,0.326,0.422,0.618
"MTOR",0.054,0.474,0.175,0.02,0.069,0.151,0.248,0.007,0.385,0.19,0.227
"AKT1",0.01,0.307,0.092,0.016,0.087,0.281,0.502,0.093,0.357,0.22,0.233
"AKT2",0.005,0.423,0.114,0.01,0.033,0.298,0.367,0.052,0.355,0.232,0.298
"AKT3",0.018,0.077,0.188,0.124,0.003,0.26,0.301,0.019,0.425,0.501,0.581
"HDAC1",0.381,0.019,0.019,0.196,0.294,0.179,0.232,0.239,0.212,0.112,0.436
"IKK",0.298,0.209,0.104,0.533,0.024,0.351,0.197,0.169,0.447,0.423,0.261
"PI3Kbeta",0.108,0.537,0.199,0.005,0.309,0.328,0.058,0.007,0.583,0.184,0.253
"ERK5",0.222,0.136,0.204,0.44,0.395,0.433,0.332,0.356,0.229,0.326,0.101
"ERBB2",0.026,0.054,0.195,0.071,0,0.604,0.641,0.016,0.64,0.091,0.159
"ROCK1",0.022,0.043,0.485,0.271,0.394,0.195,0.237,0.022,0.349,0.292,0.192
"ROCK2",0.038,0.168,0.508,0.062,0.113,0.4,0.454,0.169,0.512,0.334,0.272
"DNA crosslinker",0.021,0.411,0.186,0.11,0.729,0.161,0.525,0.52,0.194,0.61,0.624
"Microtubule destabiliser",0.452,0.214,0.149,0.237,0.181,0.191,0.192,0.261,0.374,0.473,0.309
"AR",0.031,0.168,0.334,0.48,0.038,0.296,0.201,0.335,0.291,0.331,0.147
"ATM",0.461,0.16,0.092,0.125,0.383,0.018,0.156,0.462,0.305,0.205,0.167
"FLT1",0.404,0.102,0.501,0.414,0.01,0.377,0.293,0.051,0.303,0.056,0.3
"GSK3A",0.117,0.174,0.214,0.275,0.002,0.347,0.044,0.114,0.411,0.456,0.113
"GSK3B",0.078,0.2,0.184,0.271,0.01,0.338,0.05,0.281,0.438,0.434,0.098
"PDGFRA",0.362,0.003,0.278,0.174,0.029,0.227,0.34,0.048,0.449,0.274,0.354
"VEGFR2",0.298,0.001,0.183,0.277,0.037,0.078,0.329,0.057,0.383,0.057,0.397
"FGFR1",0.222,0.069,0.412,0.004,0.195,0.339,0.168,0.05,0.164,0.583,0.255
"TIE2",0.172,0.095,0.24,0.476,0.202,0.06,0.287,0.34,0.396,0.417,0.239
"JNK2",0.104,0.039,0.6,0.069,0.078,0.417,0.303,0.059,0.623,0.3,0.266
"BRD2",0.148,0.052,0.303,0.222,0.032,0.184,0.104,0.052,0.127,0.254,0.328
"BRD3",0.221,0.136,0.358,0.227,0.014,0.235,0.093,0.044,0.129,0.325,0.387
"BRD4",0.283,0.509,0.202,0.387,0.061,0.329,0.266,0.016,0.432,0.141,0.439
"BRDT",0.357,0.002,0.168,0.317,0.114,0.23,0.128,0.503,0.318,0.262,0.283
"FNTA",0.029,0.01,0.084,0.179,0.094,0.115,0.14,0.393,0.537,0.122,0.223
"PDK1 (PDPK1)",0.002,0.019,0.364,0.016,0.344,0.464,0.21,0.306,0.464,0.316,0.017
"BCL2",0.006,0.154,0.203,0.137,0.509,0.439,0.242,0.284,0.385,0.165,0.466
"BCL-XL",0.005,0.109,0.17,0.139,0.493,0.526,0.242,0.252,0.341,0.26,0.51
"BCL-W",0.115,0.197,0.484,0.133,0.548,0.36,0.625,0.639,0.097,0.119,0.28
"MCL1",0.068,0.495,0.093,0.232,0.524,0.086,0.089,0.01,0.515,0.51,0.416
"dsDNA break",0.111,0.082,0.123,0.417,0.234,0.077,0.227,0.229,0.221,0.233,0.338
"BTK",0.079,0.003,0.531,0.231,0.193,0.178,0.295,0.366,0.261,0.379,0.336
"HSP90",0.217,0.316,0.323,0.617,0.214,0.167,0.631,0.312,0.149,0.497,0.49
"PDGFRB",0.186,0.035,0.248,0.131,0.761,0.402,0.362,0.516,0.235,0.712,0.291
"IKK2",0.078,0.199,0.28,0.36,0.108,0.411,0.437,0.13,0.37,0.489,0.144
"Amyloid beta20",0.134,0.254,0.283,0.266,0.512,0.225,0.268,0.558,0.551,0.518,0.22
"Amyloid beta40",0.069,0.21,0.366,0.266,0.356,0.213,0.432,0.267,0.506,0.676,0.189
"JAK2",0.466,0.047,0.229,0.51,0.255,0.113,0.499,0.67,0.179,0.348,0.53
"JNK1",0.403,0.007,0.189,0.455,0.395,0.339,0.135,0.358,0.313,0.079,0.334
"CDK6",0.375,0.417,0.078,0.09,0.125,0.289,0.033,0.01,0.434,0.244,0.473
"PI3K (class 1)",0,0.045,0.166,0.003,0.127,0.446,0.419,0.381,0.138,0.095,0.343
"PI3Kgamma",0.365,0.545,0.19,0.302,0.209,0.523,0.069,0.252,0.353,0.15,0.287
"RSK",0.292,0.25,0.207,0.366,0.277,0.381,0.304,0.182,0.451,0.256,0.253
"G9a and GLP",0.355,0.352,0.186,0.494,0.138,0.417,0.378,0.079,0.497,0.058,0.41
"FLT4",0.182,0.071,0.319,0.322,0.247,0.396,0.282,0.266,0.383,0.179,0.375
"NTRK2",0.386,0.162,0.157,0.177,0.013,0.456,0.549,0.092,0.44,0.268,0.329
"LTK",0.546,0.431,0.195,0.134,0.412,0.222,0.202,0.034,0.253,0.272,0.193
"TAK1",0.036,0.331,0.415,0.073,0.048,0.357,0.243,0.153,0.221,0.063,0.439
"ERK2",0.251,0.049,0.382,0.327,0.068,0.333,0.37,0.071,0.531,0.224,0.048
"HDAC6",0.152,0,0.1,0.228,0.209,0.192,0.445,0.16,0.23,0.277,0.328
"VEGFR1",0.025,0.039,0.114,0.195,0.318,0.097,0.388,0.357,0.59,0.204,0.25
"VEGFR3",0.039,0.112,0.196,0.399,0.439,0.08,0.269,0.146,0.348,0.24,0.185
"MTORC2",0.209,0.007,0.477,0.484,0.138,0.147,0.14,0.204,0.074,0.023,0.466
"PIM3",0.479,0.003,0.202,0.172,0.001,0.396,0.586,0.002,0.164,0.295,0.406
"ALK5",0,0.068,0.462,0.007,0.169,0.232,0.175,0.273,0.185,0.4,0.284
"TNKS1",0.34,0.508,0.169,0.357,0.116,0.077,0.122,0.415,0.431,0.421,0.349
"TNKS2",0.379,0.393,0.12,0.453,0.052,0.083,0.074,0.368,0.4,0.4,0.202
"TOP1",0.4,0.194,0.138,0.248,0.063,0.159,0.234,0.269,0.4,0.539,0.507
"Antimetabolite",0.045,0.299,0.028,0.422,0.37,0.318,0.272,0.164,0.405,0.353,0.486
"MEK1",0.015,0.151,0.469,0.034,0.258,0.367,0.364,0.194,0.182,0.248,0.321
"MEK2",0.012,0.189,0.392,0.019,0.248,0.355,0.416,0.228,0.181,0.223,0.312
"PARP1",0.464,0.091,0.157,0.427,0.338,0.136,0.509,0.261,0.314,0.197,0.08
"PARP2",0.348,0.191,0.229,0.437,0.454,0.184,0.42,0.24,0.282,0.262,0.098
"CHEK1",0,0.093,0.41,0.059,0.129,0.209,0.068,0.18,0.455,0.282,0.266
"NTRK1",0.015,0.035,0.267,0.197,0.332,0.549,0.244,0.505,0.473,0.376,0.516
"p38",0.042,0.496,0.239,0.241,0.126,0.27,0.031,0.092,0.207,0.584,0.166
"MDM2",0.361,0.145,0.247,0.444,0.412,0.318,0.43,0.244,0.24,0.294,0.155
