"","EGFR","Hypoxia","JAK.STAT","MAPK","NFkB","PI3K","TGFb","TNFa","Trail","VEGF","p53"
"EGFR",0.409696693121693,1,1,0.409696693121693,0.409696693121693,1,1,0.539803075396825,1,1,1
"MTORC1",1,0.631154365079365,1,1,1,1,0.70866455026455,1,1,0.631154365079365,1
"PDGFR",1,1,1,1,1,1,1,1,1,1,1
"KIT",1,0.625617923280423,0.625617923280423,1,0,0.420769576719577,1,0.116265277777778,1,0.625617923280423,1
"VEGFR",1,1,1,0.298967857142857,1,1,0.896903571428571,1,1,1,1
"FLT3",1,0.498279761904762,1,0.73911498015873,0.73911498015873,1,1,0.365405158730159,1,1,1
"RET",1,0.888598908730159,1,0.863684920634921,0.888598908730159,1,0.888598908730159,1,1,1,1
"CSF1R",0.982322959183673,0.982322959183673,1,1,0.21592123015873,1,0.982322959183673,0.21592123015873,0.982322959183673,0.982322959183673,1
"MET",0,1,1,0.39862380952381,0.907976455026455,1,1,1,1,1,1
"Proteasome",1,1,1,1,1,1,1,1,1,1,1
"Microtubule stabiliser",1,1,1,1,1,1,1,1,1,1,1
"SMO",1,1,1,1,1,1,1,1,1,1,1
"BRAF",0.930122222222222,0.149483928571429,0.930122222222222,0.930122222222222,1,0.989915793650794,0.989915793650794,0.930122222222222,0.930122222222222,0.930122222222222,0.149483928571429
"AURKA",0.0498279761904762,0.373709821428571,1,0,1,1,1,1,1,0.373709821428571,1
"AURKB",1,1,1,1,1,1,1,1,1,1,1
"AURKC",0.199311904761905,1,1,0.0332186507936508,1,1,1,1,1,0.941195105820106,1
"ABL",1,0.409696693121693,1,0.730810317460318,1,1,1,1,0.409696693121693,0.730810317460318,0.409696693121693
"ALK",0.132874603174603,1,1,1,0.719737433862434,0.719737433862434,0.719737433862434,0.719737433862434,0.735555839002268,1,0.719737433862434
"SRC",1,1,1,1,0.116265277777778,1,1,0.0332186507936508,1,0.996559523809524,1
"CDK1",1,0.896903571428571,1,1,1,0.896903571428571,1,1,1,1,1
"CDK2",0.963340873015873,1,1,1,1,1,1,0.764028968253968,0.963340873015873,1,1
"CDK5",1,1,0.448451785714286,0.83046626984127,0.387550925925926,1,1,0.282358531746032,0.282358531746032,1,1
"CDK7",0,1,1,0.143947486772487,0.143947486772487,0.991023082010582,0.783960158730159,1,1,1,0.783960158730159
"CDK9",1,1,1,1,1,1,1,1,1,1,1
"PKC",1,1,1,1,1,1,1,1,1,1,1
"CDK4",1,1,1,1,1,1,1,1,1,1,1
"LCK",1,0.0664373015873016,1,1,0.157788591269841,0.930122222222222,1,0.149483928571429,1,0.157788591269841,1
"BMX",0.199311904761905,0.863684920634921,0.863684920634921,0.0332186507936508,1,1,0.863684920634921,0.863684920634921,1,0.730810317460317,0.863684920634921
"PLK1",1,1,1,1,1,1,1,1,1,1,1
"PLK3",0.0332186507936508,1,0.61454503968254,0.770672698412698,0.61454503968254,1,0.887412528344671,0.61454503968254,1,1,0.885830687830688
"IGF1R",1,0.514889087301587,1,1,1,1,1,0.514889087301587,1,1,1
"IR",1,0.996559523809524,1,1,1,1,1,1,1,1,1
"MTOR",0.573021726190476,1,0.901649092970522,0.332186507936508,0.573021726190476,0.901649092970522,0.915358377425044,0.232530555555556,1,0.901649092970522,0.915358377425044
"AKT1",0.265749206349206,1,0.617866904761905,0.265749206349206,0.617866904761905,1,1,0.617866904761905,1,1,1
"AKT2",0.166093253968254,1,0.757385238095238,0.166093253968254,0.365405158730159,1,1,0.43184246031746,1,1,1
"AKT3",0.210384788359788,0.639459027777778,1,0.82382253968254,0.0996559523809524,1,1,0.210384788359788,1,1,1
"HDAC1",1,0.315577182539683,0.315577182539683,0.992407192460317,1,0.992407192460317,0.992407192460317,0.992407192460317,0.992407192460317,0.992407192460317,1
"IKK",1,1,1,1,0.797247619047619,1,1,1,1,1,1
"PI3Kbeta",0.896903571428571,1,1,0.116265277777778,1,1,0.642227248677249,0.116265277777778,1,1,1
"ERK5",1,1,1,1,1,1,1,1,1,1,1
"ERBB2",0.287894973544974,0.448451785714286,0.809704613095238,0.471704841269841,0,1,1,0.265749206349206,1,0.503816203703704,0.754537925170068
"ROCK1",0.365405158730159,0.476133994708995,1,1,1,1,1,0.365405158730159,1,1,1
"ROCK2",1,1,1,1,1,1,1,1,1,1,1
"DNA crosslinker",0.697591666666667,1,1,1,1,1,1,1,1,1,1
"Microtubule destabiliser",1,1,1,1,1,1,1,1,1,1,1
"AR",0.631154365079365,1,1,1,0.631154365079365,1,1,1,1,1,1
"ATM",1,0.92458578042328,0.92458578042328,0.92458578042328,1,0.597935714285714,0.92458578042328,1,1,0.972831916099773,0.92458578042328
"FLT1",1,0.847075595238095,1,1,0.332186507936508,1,1,0.620081481481481,1,0.620081481481481,1
"GSK3A",0.777316428571429,0.963340873015873,1,1,0.0664373015873016,1,0.730810317460317,0.777316428571429,1,1,0.777316428571429
"GSK3B",0.813856944444445,1,1,1,0.332186507936508,1,0.813856944444445,1,1,1,0.813856944444445
"PDGFRA",1,0.0996559523809524,1,1,0.481670436507937,1,1,0.531498412698413,1,1,1
"VEGFR2",1,0.0332186507936508,1,1,0.473365773809524,0.518210952380952,1,0.473365773809524,1,0.473365773809524,1
"FGFR1",1,0.764028968253968,1,0.132874603174603,1,1,1,0.764028968253968,1,1,1
"TIE2",1,1,1,1,1,1,1,1,1,1,1
"JNK2",0.690947936507937,0.647763690476191,1,0.647763690476191,0.647763690476191,1,1,0.647763690476191,1,1,1
"BRD2",0.819393386243386,0.575789947089947,0.990519769119769,0.92181755952381,0.575789947089947,0.873175963718821,0.819393386243386,0.575789947089947,0.819393386243386,0.937504144620811,0.990519769119769
"BRD3",0.975797867063492,0.903547301587302,1,0.975797867063492,0.465061111111111,0.975797867063492,0.903547301587302,0.730810317460317,0.903547301587302,1,1
"BRD4",1,1,1,1,1,1,1,0.531498412698413,1,1,1
"BRDT",1,0.0664373015873016,1,1,1,1,1,1,1,1,1
"FNTA",0.481670436507937,0.332186507936508,0.664373015873016,0.743267311507936,0.664373015873016,0.664373015873016,0.664373015873016,1,1,0.664373015873016,0.823084347442681
"PDK1 (PDPK1)",0.0664373015873016,0.157788591269841,1,0.157788591269841,1,1,1,1,1,1,0.157788591269841
"BCL2",0.199311904761905,1,1,1,1,1,1,1,1,1,1
"BCL-XL",0.166093253968254,1,1,1,1,1,1,1,1,1,1
"BCL-W",1,1,1,1,1,1,1,1,1,1,1
"MCL1",0.617866904761905,1,0.617866904761905,1,1,0.617866904761905,0.617866904761905,0.332186507936508,1,1,1
"dsDNA break",0.863684920634921,0.863684920634921,0.863684920634921,1,0.863684920634921,0.863684920634921,0.863684920634921,0.863684920634921,0.863684920634921,0.863684920634921,1
"BTK",1,0.0996559523809524,1,1,1,1,1,1,1,1,1
"HSP90",1,1,1,1,1,1,1,1,1,1,1
"PDGFRB",1,1,1,1,1,1,1,1,1,1,1
"IKK2",1,1,1,1,1,1,1,1,1,1,1
"Amyloid beta20",1,1,1,1,1,1,1,1,1,1,1
"Amyloid beta40",1,1,1,1,1,1,1,1,1,1,1
"JAK2",1,1,1,1,1,1,1,1,1,1,1
"JNK1",1,0.232530555555556,1,1,1,1,1,1,1,1,1
"CDK6",1,1,0.747419642857143,0.747419642857143,0.83046626984127,1,0.548107738095238,0.332186507936508,1,1,1
"PI3K (class 1)",0,0.498279761904762,0.787756575963719,0.0498279761904762,0.764028968253968,1,1,1,0.764028968253968,0.764028968253968,1
"PI3Kgamma",1,1,1,1,1,1,1,1,1,1,1
"RSK",1,1,1,1,1,1,1,1,1,1,1
"G9a and GLP",1,1,1,1,1,1,1,1,1,1,1
"FLT4",1,1,1,1,1,1,1,1,1,1,1
"NTRK2",1,1,1,1,0.43184246031746,1,1,1,1,1,1
"LTK",1,1,1,1,1,1,1,1,1,1,1
"TAK1",0.606240376984127,1,1,0.606240376984127,0.606240376984127,1,1,1,1,0.606240376984127,1
"ERK2",1,0.589631051587302,1,1,0.589631051587302,1,1,0.589631051587302,1,1,0.589631051587302
"HDAC6",0.95503621031746,0,0.95503621031746,0.95503621031746,0.95503621031746,0.95503621031746,1,0.95503621031746,0.95503621031746,1,1
"VEGFR1",0.647763690476191,0.647763690476191,0.946731547619048,1,1,0.946731547619048,1,1,1,1,1
"VEGFR3",1,1,1,1,1,1,1,1,1,1,1
"MTORC2",0.867837251984127,0.232530555555556,1,1,0.813856944444444,0.813856944444444,0.813856944444444,0.867837251984127,0.813856944444444,0.382014484126984,1
"PIM3",1,0.0332186507936508,1,1,0.0332186507936508,1,1,0.0332186507936508,1,1,1
"ALK5",0,0.752956084656085,1,0.116265277777778,1,1,1,1,1,1,1
"TNKS1",1,1,1,1,1,1,1,1,1,1,1
"TNKS2",1,1,0.996559523809524,1,0.919049338624339,0.919049338624339,0.919049338624339,1,1,1,1
"TOP1",1,1,1,1,1,1,1,1,1,1,1
"Antimetabolite",0.747419642857143,1,0.747419642857143,1,1,1,1,1,1,1,1
"MEK1",0.498279761904762,1,1,0.564717063492064,1,1,1,1,1,1,1
"MEK2",0.315577182539683,1,1,0.315577182539683,1,1,1,1,1,1,1
"PARP1",1,1,1,1,1,1,1,1,1,1,1
"PARP2",1,1,1,1,1,1,1,1,1,1,1
"CHEK1",0,0.772333630952381,1,0.752956084656085,0.857041190476191,0.991814002267574,0.752956084656085,0.991814002267574,1,1,1
"NTRK1",0.498279761904762,0.581326388888889,1,1,1,1,1,1,1,1,1
"p38",0.697591666666667,1,0.996559523809524,0.996559523809524,0.996559523809524,0.996559523809524,0.697591666666667,0.996559523809524,0.996559523809524,1,0.996559523809524
"MDM2",1,1,1,1,1,1,1,1,1,1,1
