"","EGFR","Hypoxia","JAK.STAT","MAPK","NFkB","PI3K","TGFb","TNFa","Trail","VEGF","p53"
"EGFR",0.184,0.324,0.343,0.237,0.288,0.116,0.168,0.341,0.434,0.398,0.159
"MTORC1",0.612,0.093,0.581,0.198,0.032,0.537,0.347,0.13,0.229,0.529,0.262
"PDGFR",0.377,0.23,0.207,0.235,0.003,0.066,0.175,0,0.34,0.337,0.153
"KIT",0.548,0.321,0.015,0.205,0.206,0.007,0.464,0.002,0.282,0.132,0.299
"VEGFR",0.019,0.161,0.091,0.447,0.118,0.46,0.352,0.011,0.183,0.155,0.068
"FLT3",0.003,0.283,0.149,0.005,0.163,0.128,0.147,0.434,0.264,0.205,0.327
"RET",0.192,0.393,0.271,0.347,0.012,0.295,0.301,0.005,0.051,0.291,0.124
"CSF1R",0.001,0.107,0.202,0.085,0.051,0.412,0.35,0.21,0.31,0.314,0.166
"MET",0.136,0.105,0.297,0.355,0.379,0.178,0.184,0.554,0.504,0.141,0.348
"Proteasome",0.246,0.39,0.002,0.047,0.006,0.141,0.411,0.067,0.219,0.221,0.587
"Microtubule stabiliser",0.386,0.458,0.093,0.011,0.135,0.233,0.282,0.053,0.184,0.187,0.245
"SMO",0.315,0.019,0.011,0.112,0.492,0.374,0.419,0.403,0.419,0.374,0.044
"BRAF",0.12,0.263,0.038,0.089,0.092,0.039,0.269,0.15,0.475,0.173,0.015
"AURKA",0.157,0.279,0.028,0.27,0.178,0.015,0.414,0.02,0.257,0.4,0.21
"AURKB",0.044,0.221,0.219,0.294,0.204,0.227,0.373,0.023,0.035,0.23,0.171
"AURKC",0.426,0.293,0.229,0.553,0.026,0.006,0.474,0.213,0.308,0.541,0.334
"ABL",0.004,0.038,0.097,0.004,0.123,0.312,0.169,0,0.106,0.457,0.283
"ALK",0.473,0.319,0.194,0.014,0.018,0.087,0.349,0.001,0.445,0.465,0.399
"SRC",0.038,0.374,0.222,0.045,0.469,0.338,0.328,0.073,0.418,0.244,0.441
"CDK1",0.095,0.289,0.029,0.013,0.291,0.105,0.301,0.455,0.19,0.335,0.019
"CDK2",0.445,0.139,0.561,0.054,0.005,0.001,0.611,0.056,0.572,0.378,0.113
"CDK5",0.264,0.179,0.03,0.364,0.026,0.015,0.155,0.443,0.136,0.016,0.539
"CDK7",0.379,0.321,0.439,0.067,0.376,0.185,0.18,0.037,0.367,0.424,0.153
"CDK9",0.012,0.544,0.067,0.004,0.37,0.149,0.389,0.101,0.01,0.129,0.096
"PKC",0.049,0.177,0.035,0.01,0.082,0.019,0.431,0.432,0.131,0.126,0.324
"CDK4",0.002,0.329,0.215,0,0.38,0.133,0.434,0.309,0.349,0.092,0.018
"LCK",0.133,0.142,0.208,0.052,0.399,0.21,0.258,0.443,0.129,0.039,0.414
"BMX",0.29,0.439,0.022,0.082,0.467,0.148,0.196,0.091,0.285,0.212,0.174
"PLK1",0.103,0.543,0.003,0.013,0.008,0.134,0.525,0.032,0.699,0.401,0.118
"PLK3",0.001,0.424,0.036,0.068,0.026,0.299,0.241,0.04,0.327,0.458,0.555
"IGF1R",0.135,0.4,0.386,0.327,0.105,0.15,0.373,0,0.25,0.091,0.21
"IR",0.046,0.435,0.018,0.013,0.265,0.431,0.411,0.051,0.154,0.411,0.265
"MTOR",0.089,0.044,0.234,0.381,0.264,0.296,0.189,0.531,0.277,0.302,0.145
"AKT1",0.535,0.27,0.057,0.358,0.017,0.396,0.099,0.001,0.511,0.231,0.364
"AKT2",0.273,0.2,0.206,0.095,0.017,0.45,0.041,0,0.413,0.356,0.193
"AKT3",0.34,0.02,0.069,0.206,0.12,0.146,0.186,0,0.209,0.449,0.142
"HDAC1",0.185,0.289,0.258,0.31,0.409,0.026,0.325,0.077,0.207,0.388,0.014
"IKK",0.437,0.487,0.372,0.137,0.12,0.362,0.229,0.073,0.055,0.141,0.41
"PI3Kbeta",0.108,0.462,0.262,0.207,0.091,0.085,0.217,0.119,0.423,0.101,0.287
"ERK5",0.431,0.488,0.225,0.201,0.323,0.06,0.407,0.09,0.023,0.375,0.437
"ERBB2",0.226,0.368,0.366,0.028,0.096,0.087,0.385,0.18,0.241,0.268,0.023
"ROCK1",0.053,0.033,0.172,0.22,0.306,0.135,0.04,0.073,0.412,0.187,0.348
"ROCK2",0.269,0.077,0.021,0.129,0.036,0.003,0.163,0.39,0.398,0.083,0.298
"DNA crosslinker",0.49,0.25,0.159,0.133,0.345,0.353,0.098,0.236,0.183,0.033,0.128
"Microtubule destabiliser",0.158,0.17,0.115,0.177,0.007,0.209,0.529,0.003,0.11,0.241,0.404
"AR",0.391,0.113,0.057,0.026,0.384,0.191,0.268,0.414,0.338,0.234,0.224
"ATM",0.259,0.461,0.007,0.152,0.226,0.318,0.487,0.071,0.11,0.125,0.086
"FLT1",0.023,0.404,0.037,0.001,0.419,0.213,0.213,0.02,0.456,0.428,0.252
"GSK3A",0.129,0.46,0.099,0.046,0.387,0.053,0.302,0.294,0.435,0.453,0.244
"GSK3B",0.316,0.555,0.255,0.188,0.273,0.039,0.346,0.195,0.451,0.447,0.302
"PDGFRA",0.114,0.207,0.006,0.396,0.161,0.004,0.278,0.289,0.538,0.381,0.272
"VEGFR2",0.357,0.141,0.089,0.348,0.158,0.241,0.304,0.027,0.171,0.306,0.436
"FGFR1",0.278,0.171,0.01,0.189,0.214,0.349,0.195,0.037,0.454,0.172,0.149
"TIE2",0.005,0.224,0.01,0.001,0.644,0.224,0.468,0.567,0.337,0.448,0.365
"JNK2",0.138,0.053,0.432,0.052,0.044,0.01,0.656,0,0.168,0.612,0.342
"BRD2",0.322,0.538,0.025,0.506,0.148,0.204,0.345,0.601,0.279,0.156,0.305
"BRD3",0.27,0.415,0.056,0.39,0.334,0.202,0.434,0.336,0.248,0.287,0.205
"BRD4",0.321,0.304,0.035,0.301,0.392,0.024,0.245,0.111,0.241,0.208,0.349
"BRDT",0.01,0.389,0.126,0.1,0.472,0.321,0.431,0.479,0.352,0.323,0.325
"FNTA",0.218,0.473,0.158,0.007,0.256,0.163,0.035,0.404,0.171,0.5,0.129
"PDK1 (PDPK1)",0.49,0.122,0,0.528,0.227,0.215,0.31,0.023,0.309,0.378,0.097
"BCL2",0.259,0.338,0.019,0.086,0.52,0.149,0.127,0.254,0.212,0.592,0.348
"BCL-XL",0.355,0.42,0.024,0.149,0.422,0.22,0.101,0.202,0.215,0.531,0.353
"BCL-W",0.142,0.319,0.527,0.023,0.099,0.074,0.327,0.205,0.22,0.384,0.274
"MCL1",0.13,0.146,0.413,0.003,0.102,0.035,0.143,0.142,0.346,0.534,0.534
"dsDNA break",0.06,0.104,0.202,0.022,0.247,0.178,0.493,0.206,0.405,0.094,0.244
"BTK",0.426,0.462,0.208,0.385,0.268,0.052,0.469,0.299,0.047,0.032,0.188
"HSP90",0.028,0.104,0.47,0.021,0,0.146,0.4,0.003,0.402,0.291,0.017
"PDGFRB",0.448,0.229,0.003,0.535,0.034,0.148,0.428,0.244,0.09,0.228,0.293
"IKK2",0,0.356,0.016,0.103,0.166,0.364,0.361,0.064,0.314,0.401,0.127
"Amyloid beta20",0.289,0.535,0.392,0.23,0.073,0.022,0.435,0.021,0.481,0.113,0.32
"Amyloid beta40",0.27,0.591,0.577,0.174,0.075,0.036,0.394,0.013,0.46,0.07,0.376
"JAK2",0.157,0.279,0.077,0.131,0.169,0.012,0.318,0.149,0.354,0.439,0.05
"JNK1",0.183,0.031,0.278,0.324,0.478,0.025,0.132,0,0.091,0.48,0.011
"CDK6",0.006,0.337,0.08,0.004,0.123,0.526,0.243,0.172,0.189,0.43,0.01
"PI3K (class 1)",0.032,0.471,0.353,0.326,0.121,0.067,0.141,0.099,0.396,0.476,0.239
"PI3Kgamma",0.343,0.03,0.001,0.298,0.028,0.197,0.35,0.411,0.132,0.399,0.24
"RSK",0.23,0.248,0.208,0.228,0.261,0.581,0.631,0.212,0.291,0.085,0.564
"G9a and GLP",0.053,0.026,0.057,0.019,0.001,0.006,0.093,0.346,0.199,0.158,0.432
"FLT4",0.099,0.166,0.459,0.121,0.333,0.054,0.457,0.03,0.052,0.287,0.308
"NTRK2",0.47,0.387,0.455,0.289,0.146,0.032,0.159,0.202,0.073,0.322,0.141
"LTK",0.02,0.443,0.135,0.038,0.298,0.212,0.189,0.105,0.357,0.373,0.123
"TAK1",0.059,0.449,0.079,0.002,0.307,0.315,0.18,0.273,0.321,0.382,0.197
"ERK2",0.254,0.078,0.015,0.05,0.093,0.02,0.3,0.046,0.23,0.567,0.113
"HDAC6",0.09,0.244,0.348,0.109,0.437,0.111,0.153,0.013,0.257,0.398,0.003
"VEGFR1",0.056,0.26,0.584,0.012,0.086,0.455,0.204,0.217,0.35,0.372,0.234
"VEGFR3",0.024,0.516,0.326,0.032,0.159,0.467,0.395,0.671,0.197,0.212,0.329
"MTORC2",0.441,0.227,0.116,0.328,0.099,0.1,0.456,0.002,0.233,0.016,0.346
"PIM3",0.287,0.355,0.261,0.361,0.419,0.144,0.265,0.487,0.022,0.097,0.543
"ALK5",0.017,0.395,0.222,0.004,0.01,0.006,0.449,0.036,0.324,0.421,0.269
"TNKS1",0.337,0.177,0.524,0.322,0.148,0.327,0.487,0.196,0.224,0.161,0.066
"TNKS2",0.443,0.227,0.534,0.38,0.082,0.361,0.479,0.361,0.245,0.169,0.146
"TOP1",0.327,0.111,0.288,0.462,0.068,0.144,0.042,0.331,0.205,0.026,0.066
"Antimetabolite",0.145,0.408,0.201,0.096,0.021,0.361,0.393,0.23,0.048,0.025,0.036
"MEK1",0.282,0.19,0.246,0.422,0.002,0.039,0.29,0.001,0.276,0.394,0.057
"MEK2",0.273,0.195,0.272,0.435,0.018,0.048,0.289,0.012,0.203,0.431,0.041
"PARP1",0.233,0.253,0.263,0.071,0.314,0.022,0.059,0.188,0.372,0.194,0.029
"PARP2",0.35,0.447,0.259,0.058,0.509,0.048,0.073,0.143,0.402,0.207,0.075
"CHEK1",0.089,0.415,0.485,0.17,0.664,0.355,0.128,0.229,0.007,0.037,0.022
"NTRK1",0.235,0.086,0.035,0.164,0.044,0.242,0.411,0,0.431,0.221,0.582
"p38",0.001,0.242,0.422,0,0.3,0.382,0.436,0,0.263,0.112,0.239
"MDM2",0.016,0.459,0.423,0.002,0.139,0,0.45,0.042,0.369,0.262,0.289
