"","EGFR","Hypoxia","JAK.STAT","MAPK","NFkB","PI3K","TGFb","TNFa","Trail","VEGF","p53"
"EGFR",1,1,1,1,1,1,1,1,1,1,1
"MTORC1",1,1,1,1,1,1,1,1,1,1,1
"PDGFR",1,0.975797867063492,0.975797867063492,0.975797867063492,0.0498279761904762,0.730810317460317,0.975797867063492,0,1,1,0.975797867063492
"KIT",1,1,0.166093253968254,1,1,0.116265277777778,1,0.0664373015873016,1,1,1
"VEGFR",0.315577182539683,0.759876636904762,0.755724305555556,1,0.759876636904762,1,1,0.315577182539683,0.759876636904762,0.759876636904762,0.752956084656085
"FLT3",0.083046626984127,1,0.902440013227513,0.083046626984127,0.902440013227513,0.902440013227513,0.902440013227513,1,1,0.972831916099773,1
"RET",1,1,1,1,0.199311904761905,1,1,0.166093253968254,0.564717063492063,1,1
"CSF1R",0.0332186507936508,0.888598908730159,0.996559523809524,0.888598908730159,0.847075595238095,1,1,0.996559523809524,1,1,0.996559523809524
"MET",1,1,1,1,1,1,1,1,1,1,1
"Proteasome",1,1,0.0664373015873016,0.520425529100529,0.0996559523809524,0.936765952380952,1,0.556412400793651,1,1,1
"Microtubule stabiliser",1,1,1,0.365405158730159,1,1,1,0.880294246031746,1,1,1
"SMO",1,0.315577182539683,0.315577182539683,0.930122222222222,1,1,1,1,1,1,0.487206878306878
"BRAF",0.664373015873016,0.893581706349207,0.43184246031746,0.611223174603175,0.611223174603175,0.43184246031746,0.893581706349207,0.711828231292517,1,0.718353323412698,0.43184246031746
"AURKA",1,1,0.310040740740741,1,1,0.310040740740741,1,0.310040740740741,1,1,1
"AURKB",0.487206878306878,0.848921075837743,0.848921075837743,0.976628333333333,0.848921075837743,0.848921075837743,1,0.487206878306878,0.487206878306878,0.848921075837743,0.848921075837743
"AURKC",1,1,1,1,0.43184246031746,0.199311904761905,1,1,1,1,1
"ABL",0.0442915343915344,0.315577182539683,0.583699149659864,0.0442915343915344,0.583699149659864,1,0.701743998015873,0,0.583699149659864,1,1
"ALK",1,1,1,0.199311904761905,0.199311904761905,0.722505654761905,1,0.0332186507936508,1,1,1
"SRC",0.747419642857143,1,1,0.747419642857143,1,1,1,0.808320502645503,1,1,1
"CDK1",0.697591666666667,1,0.321113624338624,0.315577182539683,1,0.697591666666667,1,1,1,1,0.315577182539683
"CDK2",1,0.76956541005291,1,0.465061111111111,0.083046626984127,0.0332186507936508,1,0.465061111111111,1,1,0.750741507936508
"CDK5",1,0.84944835600907,0.249139880952381,1,0.249139880952381,0.249139880952381,0.84944835600907,1,0.84944835600907,0.249139880952381,1
"CDK7",1,1,1,1,1,1,1,1,1,1,1
"CDK9",0.132874603174603,1,0.556412400793651,0.132874603174603,1,0.618697371031746,1,0.559180621693122,0.132874603174603,0.612172278911565,0.559180621693122
"PKC",0.406928472222222,0.734962648809524,0.387550925925926,0.315577182539683,0.544785873015873,0.315577182539683,1,1,0.621663321995465,0.621663321995465,1
"CDK4",0.0332186507936508,1,1,0,1,0.883616111111111,1,1,1,0.764028968253968,0.199311904761905
"LCK",0.943409682539682,0.943409682539682,0.996559523809524,0.863684920634921,1,0.996559523809524,1,1,0.943409682539682,0.863684920634921,1
"BMX",1,1,0.730810317460317,1,1,1,1,1,1,1,1
"PLK1",0.635899886621315,1,0.0996559523809524,0.143947486772487,0.132874603174603,0.635899886621315,1,0.265749206349206,1,1,0.635899886621315
"PLK3",0.0332186507936508,1,0.332186507936508,0.451773650793651,0.332186507936508,1,1,0.332186507936508,1,1,1
"IGF1R",0.996559523809524,1,1,1,0.996559523809524,0.996559523809524,1,0,1,0.996559523809524,1
"IR",0.423537797619048,1,0.298967857142857,0.298967857142857,1,1,1,0.423537797619048,1,1,1
"MTOR",1,1,1,1,1,1,1,1,1,1,1
"AKT1",1,1,0.631154365079365,1,0.282358531746032,1,0.822161607142857,0.0332186507936508,1,1,1
"AKT2",1,0.977577437641723,0.977577437641723,0.788942956349206,0.282358531746032,1,0.453988227513228,0,1,1,0.977577437641723
"AKT3",1,0.332186507936508,0.764028968253968,0.771410890652557,0.771410890652557,0.771410890652557,0.771410890652557,0,0.771410890652557,1,0.771410890652557
"HDAC1",1,1,1,1,1,0.43184246031746,1,0.852612037037037,1,1,0.43184246031746
"IKK",1,1,1,0.936765952380952,0.936765952380952,1,1,0.936765952380952,0.936765952380952,0.936765952380952,1
"PI3Kbeta",0.790603888888889,1,1,1,0.790603888888889,0.790603888888889,1,0.790603888888889,1,0.790603888888889,1
"ERK5",1,1,1,1,1,0.996559523809524,1,0.996559523809524,0.764028968253968,1,1
"ERBB2",1,1,1,0.465061111111111,0.797247619047619,0.797247619047619,1,1,1,1,0.465061111111111
"ROCK1",0.586862830687831,0.586862830687831,0.887412528344671,0.913512896825397,1,0.887412528344671,0.586862830687831,0.606240376984127,1,0.887412528344671,1
"ROCK2",1,0.551429603174603,0.348795833333333,0.714200992063492,0.398623809523809,0.0996559523809524,0.773520011337869,1,1,0.551429603174603,1
"DNA crosslinker",1,1,1,1,1,1,1,1,1,1,1
"Microtubule destabiliser",0.83995731292517,0.83995731292517,0.83995731292517,0.83995731292517,0.116265277777778,0.867837251984127,1,0.0996559523809524,0.83995731292517,0.889521649029982,1
"AR",1,1,0.946731547619048,0.863684920634921,1,1,1,1,1,1,1
"ATM",1,1,0.232530555555556,0.841539153439153,1,1,1,0.83046626984127,0.83046626984127,0.83046626984127,0.83046626984127
"FLT1",0.254676322751323,1,0.30727251984127,0.0332186507936508,1,1,1,0.254676322751323,1,1,1
"GSK3A",1,1,1,0.880294246031746,1,0.880294246031746,1,1,1,1,1
"GSK3B",1,1,1,1,1,1,1,1,1,1,1
"PDGFRA",1,1,0.0996559523809524,1,1,0.0996559523809524,1,1,1,1,1
"VEGFR2",1,1,1,1,1,1,1,0.896903571428571,1,1,1
"FGFR1",1,0.888598908730159,0.332186507936508,0.888598908730159,0.888598908730159,1,0.888598908730159,0.61454503968254,1,0.888598908730159,0.888598908730159
"TIE2",0.083046626984127,1,0.110728835978836,0.0332186507936508,1,1,1,1,1,1,1
"JNK2",0.764028968253968,0.352117698412698,1,0.352117698412698,0.352117698412698,0.166093253968254,1,0,0.797247619047619,1,1
"BRD2",1,1,0.83046626984127,1,1,1,1,1,1,1,1
"BRD3",1,1,1,1,1,1,1,1,1,1,1
"BRD4",1,1,0.581326388888889,1,1,0.581326388888889,1,1,1,1,1
"BRDT",0.332186507936508,1,1,1,1,1,1,1,1,1,1
"FNTA",1,1,0.946731547619048,0.232530555555556,1,0.946731547619048,0.581326388888889,1,0.946731547619048,1,0.946731547619048
"PDK1 (PDPK1)",1,1,0,1,1,1,1,0.382014484126984,1,1,1
"BCL2",1,1,0.631154365079365,1,1,1,1,1,1,1,1
"BCL-XL",1,1,0.797247619047619,1,1,1,1,1,1,1,1
"BCL-W",1,1,1,0.764028968253968,1,1,1,1,1,1,1
"MCL1",0.692846145124717,0.692846145124717,1,0.0996559523809524,0.692846145124717,0.581326388888889,0.692846145124717,0.692846145124717,1,1,1
"dsDNA break",0.863684920634921,0.863684920634921,0.91166741622575,0.730810317460317,0.91166741622575,0.91166741622575,1,0.91166741622575,1,0.863684920634921,0.91166741622575
"BTK",1,1,1,1,1,0.575789947089947,1,1,0.575789947089947,0.575789947089947,1
"HSP90",0.186024444444444,0.575789947089947,1,0.174397916666667,0,0.692846145124717,1,0.0498279761904762,1,1,0.174397916666667
"PDGFRB",1,1,0.0996559523809524,1,0.564717063492064,1,1,1,0.996559523809524,1,1
"IKK2",0,1,0.265749206349206,0.84375373015873,0.919049338624339,1,1,0.70866455026455,1,1,0.84375373015873
"Amyloid beta20",1,1,1,1,0.808320502645503,0.365405158730159,1,0.365405158730159,1,0.938426884920635,1
"Amyloid beta40",1,1,1,1,0.622849702380952,0.597935714285714,1,0.43184246031746,1,0.622849702380952,1
"JAK2",0.801993140589569,1,0.801993140589569,0.801993140589569,0.801993140589569,0.39862380952381,1,0.801993140589569,1,1,0.801993140589569
"JNK1",0.868430442176871,0.257444543650794,1,1,1,0.257444543650794,0.730810317460317,0,0.604579444444444,1,0.182702579365079
"CDK6",0.0996559523809524,1,0.664373015873016,0.0996559523809524,0.81717880952381,1,1,0.896903571428571,0.896903571428571,1,0.110728835978836
"PI3K (class 1)",0.936765952380952,1,1,1,0.936765952380952,0.936765952380952,0.936765952380952,0.936765952380952,1,1,1
"PI3Kgamma",1,0.332186507936508,0.0332186507936508,1,0.332186507936508,1,1,1,1,1,1
"RSK",1,1,1,1,1,1,1,1,1,1,1
"G9a and GLP",0.315577182539683,0.21592123015873,0.315577182539683,0.210384788359788,0.0332186507936508,0.0996559523809524,0.441333503401361,1,0.734501278659612,0.656068353174603,1
"FLT4",0.803891349206349,0.919049338624339,1,0.803891349206349,1,0.597935714285714,1,0.597935714285714,0.597935714285714,1,1
"NTRK2",1,1,1,1,1,1,1,1,1,1,1
"LTK",0.631154365079365,1,0.896903571428572,0.631154365079365,1,1,1,0.896903571428572,1,1,0.896903571428572
"TAK1",0.874757804232804,1,0.874757804232804,0.0664373015873016,1,1,1,1,1,1,1
"ERK2",0.937504144620811,0.514889087301587,0.332186507936508,0.415233134920635,0.514889087301587,0.332186507936508,0.996559523809524,0.415233134920635,0.937504144620811,1,0.536243934240363
"HDAC6",0.737454047619048,1,1,0.737454047619048,1,0.737454047619048,0.847075595238095,0.21592123015873,1,1,0.0996559523809524
"VEGFR1",0.930122222222222,1,1,0.39862380952381,0.952267989417989,1,1,1,1,1,1
"VEGFR3",0.531498412698413,1,1,0.531498412698413,1,1,1,1,1,1,1
"MTORC2",1,1,0.770672698412698,1,0.770672698412698,0.770672698412698,1,0.0664373015873016,1,0.265749206349206,1
"PIM3",1,1,1,1,1,1,1,1,0.730810317460317,1,1
"ALK5",0.141179265873016,1,1,0.0996559523809524,0.110728835978836,0.0996559523809524,1,0.239174285714286,1,1,1
"TNKS1",1,1,1,1,1,1,1,1,1,1,1
"TNKS2",1,1,1,1,1,1,1,1,1,1,1
"TOP1",1,0.737454047619048,1,1,0.564717063492064,0.797247619047619,0.564717063492064,1,0.972831916099773,0.564717063492064,0.564717063492064
"Antimetabolite",0.802784060846561,1,0.953849829931973,0.637798095238095,0.398623809523809,1,1,0.95503621031746,0.39862380952381,0.398623809523809,0.398623809523809
"MEK1",1,1,1,1,0.0332186507936508,0.43184246031746,1,0.0332186507936508,1,1,0.473365773809524
"MEK2",1,1,1,1,0.298967857142857,0.39862380952381,1,0.298967857142857,1,1,0.39862380952381
"PARP1",0.970722795414462,0.970722795414462,0.970722795414462,0.589631051587302,1,0.481670436507937,0.589631051587302,0.970722795414462,1,0.970722795414462,0.481670436507937
"PARP2",1,1,1,0.622849702380952,1,0.622849702380952,0.622849702380952,0.950053412698413,1,1,0.622849702380952
"CHEK1",0.73911498015873,1,1,0.941195105820106,1,1,0.85039746031746,1,0.232530555555556,0.409696693121693,0.365405158730159
"NTRK1",1,0.714200992063492,0.487206878306878,1,0.487206878306878,1,1,0,1,1,1
"p38",0.0110728835978836,1,1,0,1,1,1,0,1,0.930122222222222,1
"MDM2",0.177166137566138,1,1,0.0332186507936508,0.923478492063492,0,1,0.348795833333333,1,1,1
