"","EGFR","Hypoxia","JAK.STAT","MAPK","NFkB","PI3K","TGFb","TNFa","Trail","VEGF","p53"
"EGFR",1,1,0.132874603174603,1,1,0.969984603174603,0.969984603174603,0.132874603174603,1,1,0.199311904761905
"MTORC1",1,1,1,1,1,1,1,1,1,1,1
"PDGFR",1,1,1,1,1,1,1,1,1,1,1
"KIT",1,1,0.365405158730159,1,1,1,1,1,1,1,0.365405158730159
"VEGFR",1,1,1,1,0.786174735449735,1,0.298967857142857,1,1,1,0.786174735449735
"FLT3",0.676830009920635,0.571360793650794,0.812011463844797,0.571360793650794,0.571360793650794,1,0.571360793650794,0.571360793650794,1,0.664373015873016,0.597935714285714
"RET",0.83046626984127,1,1,0.797247619047619,1,1,1,0.83046626984127,1,0.938426884920635,1
"CSF1R",1,1,1,1,1,1,1,1,1,1,1
"MET",1,1,1,1,1,1,1,1,1,1,1
"Proteasome",1,1,1,1,1,1,1,1,1,1,1
"Microtubule stabiliser",1,1,1,1,1,1,1,1,1,1,1
"SMO",1,1,1,1,1,1,1,1,1,1,1
"BRAF",1,1,1,1,1,1,1,1,1,1,1
"AURKA",0.989915793650794,1,1,1,0.95503621031746,1,0.83046626984127,1,0.95503621031746,1,0.95503621031746
"AURKB",1,1,1,1,1,1,1,1,1,0.298967857142857,1
"AURKC",1,1,1,1,1,1,1,1,1,1,1
"ABL",1,1,0.764028968253968,1,1,1,0.764028968253968,0.764028968253968,1,0.764028968253968,1
"ALK",1,1,1,1,1,1,1,1,1,1,1
"SRC",0.869221362433862,0.358761428571429,1,0.357100496031746,0.357100496031746,0.357100496031746,0.934867743764172,0.975797867063492,1,1,0.357100496031746
"CDK1",0.593190192743764,1,1,0.593190192743764,0.593190192743764,0.882139726631393,0.593190192743764,0.593190192743764,0.593190192743764,0.863684920634921,0.593190192743764
"CDK2",1,0.810535079365079,0.465061111111111,0.810535079365079,1,1,1,0.810535079365079,0.465061111111111,1,1
"CDK5",1,1,1,0.240835218253968,0.240835218253968,0.559180621693122,0.240835218253968,1,0.358761428571429,1,0.240835218253968
"CDK7",1,1,1,1,1,1,1,1,1,1,1
"CDK9",1,0.877921485260771,0.719737433862434,0.877921485260771,1,1,1,0.73911498015873,0.719737433862434,0.719737433862434,0.877921485260771
"PKC",1,1,1,1,1,1,1,1,1,1,1
"CDK4",0.616390520282187,0.481670436507937,0.833788134920635,0.481670436507937,0.442915343915344,0.481670436507937,0.282358531746032,0.481670436507937,0.481670436507937,1,0.282358531746032
"LCK",1,0.907976455026455,1,1,0.907976455026455,0.907976455026455,1,1,1,1,1
"BMX",1,1,1,1,1,1,1,1,1,1,1
"PLK1",0.840431865079365,0.840431865079365,0.840431865079365,0.840431865079365,0.840431865079365,0.840431865079365,0.840431865079365,0.840431865079365,0.840431865079365,0.840431865079365,1
"PLK3",0.365405158730159,1,0.420769576719577,0.819393386243386,1,0.801399950396825,0.801399950396825,0.365405158730159,0.684304206349206,0.801399950396825,0.684304206349206
"IGF1R",1,1,1,1,1,1,0.631154365079365,1,1,1,1
"IR",1,1,1,1,1,1,1,1,1,1,1
"MTOR",1,1,0.95503621031746,0.95503621031746,0.989915793650794,1,0.95503621031746,0.95503621031746,1,1,1
"AKT1",1,1,1,0.719737433862434,0.719737433862434,1,1,1,0.719737433862434,1,1
"AKT2",1,1,1,1,1,1,1,1,1,1,1
"AKT3",1,1,1,1,1,1,1,1,1,1,1
"HDAC1",1,0.471704841269841,1,0.471704841269841,0.581326388888889,1,0.471704841269841,1,0.471704841269841,1,0.471704841269841
"IKK",1,1,1,1,1,1,1,1,1,1,1
"PI3Kbeta",1,0.581326388888889,0.797247619047619,1,0.584648253968254,0.581326388888889,0.564717063492064,1,1,1,0.564717063492064
"ERK5",1,1,1,1,1,1,1,1,1,1,0.498279761904762
"ERBB2",1,0.39862380952381,1,0.813856944444445,0.697591666666667,0.967493204365079,0.232530555555556,1,0.967493204365079,0.967493204365079,0.967493204365079
"ROCK1",1,0.934867743764172,0.934867743764172,0.934867743764172,0.934867743764172,1,1,1,0.934867743764172,0.934867743764172,0.934867743764172
"ROCK2",1,1,1,1,1,1,1,1,1,1,1
"DNA crosslinker",1,1,0.520425529100529,0.658836574074074,1,0.882667006802721,0.520425529100529,0.0664373015873016,0.913512896825397,0.658836574074074,0.658836574074074
"Microtubule destabiliser",1,1,1,1,1,1,1,1,1,1,1
"AR",1,1,1,1,1,1,1,1,1,1,1
"ATM",1,1,1,1,1,1,1,1,1,1,1
"FLT1",1,1,1,1,1,1,0.166093253968254,1,1,1,0.930122222222222
"GSK3A",1,1,1,1,1,1,1,1,1,1,1
"GSK3B",1,1,1,1,1,1,1,1,1,1,1
"PDGFRA",1,1,0.819393386243386,0.819393386243386,1,1,0.819393386243386,1,0.822161607142857,1,0.930122222222222
"VEGFR2",1,1,1,1,1,1,1,1,1,1,1
"FGFR1",0.305611587301587,0.971645535714286,1,0.305611587301587,0.963340873015873,0.305611587301587,1,0.305611587301587,0.971645535714286,1,0.305611587301587
"TIE2",1,1,1,1,1,1,1,1,1,1,1
"JNK2",1,1,1,1,1,1,1,1,1,1,1
"BRD2",1,1,1,1,1,1,0.847075595238095,0.847075595238095,1,1,1
"BRD3",1,1,1,1,1,1,0.797247619047619,0.797247619047619,1,0.841539153439153,1
"BRD4",0.686518783068783,0.686518783068783,0.957301118326118,0.686518783068783,0.686518783068783,0.686518783068783,0.793556657848325,0.793556657848325,0.957301118326118,0.730810317460317,0.686518783068783
"BRDT",0.531498412698413,1,0.85893939909297,0.750741507936508,1,0.750741507936508,0.750741507936508,1,0.750741507936508,1,0.813856944444444
"FNTA",0.901649092970522,1,0.55364417989418,1,0.382014484126984,0.551429603174603,1,0.382014484126984,0.551429603174603,0.398623809523809,1
"PDK1 (PDPK1)",1,1,0.896903571428571,1,1,1,1,1,1,1,1
"BCL2",1,1,1,1,1,1,1,1,1,1,1
"BCL-XL",1,1,1,1,1,1,1,1,1,1,1
"BCL-W",0.845230114638448,0.542571296296296,0.69343933531746,1,0.542571296296296,1,0.542571296296296,0.621663321995465,0.542571296296296,0.542571296296296,0.542571296296296
"MCL1",1,1,1,1,0.55364417989418,0.55364417989418,0.55364417989418,1,1,1,1
"dsDNA break",1,0.631154365079365,0.473365773809524,0.0664373015873016,1,1,1,0.221457671957672,0.952267989417989,1,0.116265277777778
"BTK",0.982322959183673,1,1,0.982322959183673,0.982322959183673,0.982322959183673,0.982322959183673,1,0.982322959183673,0.982322959183673,1
"HSP90",1,1,1,1,1,1,1,1,1,1,1
"PDGFRB",0.764028968253968,0.764028968253968,0.920631179138322,1,0.920631179138322,1,0.365405158730159,0.920631179138322,0.920631179138322,1,1
"IKK2",1,1,1,1,1,1,1,1,1,1,0.298967857142857
"Amyloid beta20",0.92181755952381,1,0.92181755952381,0.813856944444445,0.92181755952381,0.813856944444445,0.92181755952381,0.465061111111111,1,0.933813183421517,0.813856944444445
"Amyloid beta40",1,1,1,0.83046626984127,1,0.83046626984127,1,0.83046626984127,1,1,1
"JAK2",0.992868562610229,0.992868562610229,1,1,0.199311904761905,0.992868562610229,0.199311904761905,0.992868562610229,0.992868562610229,0.992868562610229,0.465061111111111
"JNK1",0.520425529100529,0.969984603174603,0.542571296296296,0.520425529100529,0.542571296296296,0.969984603174603,0.520425529100529,0.542571296296296,1,0.969984603174603,0.969984603174603
"CDK6",1,1,1,1,1,1,1,1,1,1,1
"PI3K (class 1)",0.680982341269841,1,1,0.664373015873016,0.683355102040816,0.683355102040816,0.664373015873016,1,0.683355102040816,1,0.664373015873016
"PI3Kgamma",1,1,1,1,0.888598908730159,0.888598908730159,0.888598908730159,1,1,1,0.265749206349206
"RSK",1,1,1,1,1,1,1,1,1,1,1
"G9a and GLP",1,1,1,1,1,1,1,1,1,1,1
"FLT4",1,1,1,1,1,1,1,1,1,1,1
"NTRK2",1,1,1,1,1,1,1,1,1,1,1
"LTK",1,1,1,1,1,1,1,1,1,1,1
"TAK1",1,1,1,1,1,1,1,1,1,1,1
"ERK2",0.725273875661376,1,0.725273875661376,1,1,0.996559523809524,0.725273875661376,0.725273875661376,0.725273875661376,0.725273875661376,0.996559523809524
"HDAC6",0.996559523809524,0.996559523809524,1,0.498279761904762,1,1,1,1,1,1,1
"VEGFR1",1,1,1,1,1,1,1,1,1,1,1
"VEGFR3",1,1,1,1,1,1,1,1,1,1,1
"MTORC2",1,1,1,1,1,1,1,1,1,1,1
"PIM3",0.764028968253968,1,0.960019007936508,0.764028968253968,0.764028968253968,0.76956541005291,0.764028968253968,0.930122222222222,0.933813183421517,0.764028968253968,0.933813183421517
"ALK5",1,1,1,1,1,1,1,1,1,1,1
"TNKS1",1,1,1,1,1,1,1,1,1,1,1
"TNKS2",1,1,1,1,1,1,1,1,1,1,1
"TOP1",1,1,1,1,1,1,1,1,1,1,1
"Antimetabolite",1,1,0.996559523809524,1,1,1,1,0.979950198412698,1,0.979950198412698,1
"MEK1",1,1,1,1,1,1,1,1,1,1,1
"MEK2",1,1,1,1,1,1,1,1,1,1,1
"PARP1",1,1,1,1,1,1,1,1,1,1,1
"PARP2",1,1,1,1,1,1,1,1,1,1,1
"CHEK1",1,1,1,1,1,1,1,1,1,1,1
"NTRK1",0.78986569664903,1,0.772333630952381,0.772333630952381,0.503816203703704,0.503816203703704,1,0.503816203703704,0.503816203703704,0.503816203703704,0.503816203703704
"p38",1,1,1,1,1,1,1,1,1,1,1
"MDM2",0.996559523809524,1,0.953849829931973,0.930122222222222,0.664373015873016,0.953849829931973,0.953849829931973,0.664373015873016,1,1,0
