"","EGFR","Hypoxia","JAK.STAT","MAPK","NFkB","PI3K","TGFb","TNFa","Trail","VEGF","p53"
"EGFR",0.209,0.362,0.005,0.236,0.64,0.13,0.146,0.008,0.568,0.428,0.018
"MTORC1",0.115,0.409,0.507,0.328,0.261,0.152,0.372,0.152,0.49,0.475,0.353
"PDGFR",0.376,0.203,0.151,0.376,0.405,0.287,0.367,0.38,0.102,0.045,0.467
"KIT",0.5,0.474,0.019,0.303,0.411,0.143,0.268,0.13,0.399,0.292,0.022
"VEGFR",0.313,0.302,0.259,0.377,0.071,0.269,0.009,0.351,0.139,0.384,0.055
"FLT3",0.163,0.059,0.22,0.086,0.083,0.662,0.023,0.048,0.655,0.14,0.108
"RET",0.051,0.299,0.483,0.024,0.406,0.19,0.254,0.075,0.218,0.113,0.154
"CSF1R",0.265,0.345,0.161,0.128,0.229,0.213,0.181,0.605,0.055,0.553,0.468
"MET",0.173,0.336,0.35,0.176,0.163,0.146,0.192,0.347,0.301,0.472,0.283
"Proteasome",0.259,0.432,0.226,0.438,0.375,0.212,0.081,0.405,0.561,0.36,0.195
"Microtubule stabiliser",0.438,0.214,0.334,0.246,0.322,0.522,0.499,0.412,0.139,0.292,0.218
"SMO",0.261,0.566,0.249,0.176,0.081,0.233,0.103,0.427,0.156,0.318,0.503
"BRAF",0.396,0.267,0.267,0.14,0.498,0.342,0.11,0.056,0.416,0.162,0.479
"AURKA",0.149,0.315,0.323,0.478,0.115,0.426,0.025,0.397,0.083,0.408,0.111
"AURKB",0.16,0.517,0.192,0.292,0.409,0.585,0.397,0.309,0.16,0.009,0.507
"AURKC",0.509,0.136,0.549,0.342,0.672,0.275,0.283,0.548,0.163,0.083,0.175
"ABL",0.363,0.24,0.074,0.431,0.154,0.457,0.032,0.079,0.405,0.092,0.424
"ALK",0.334,0.101,0.322,0.447,0.192,0.126,0.293,0.151,0.139,0.412,0.354
"SRC",0.157,0.054,0.54,0.023,0.043,0.026,0.197,0.235,0.389,0.46,0.033
"CDK1",0.087,0.424,0.424,0.045,0.093,0.239,0.064,0.103,0.125,0.208,0.121
"CDK2",0.42,0.122,0.028,0.083,0.397,0.279,0.386,0.098,0.026,0.197,0.226
"CDK5",0.547,0.473,0.335,0.029,0.011,0.101,0.025,0.241,0.054,0.305,0.02
"CDK7",0.31,0.296,0.316,0.27,0.244,0.261,0.405,0.478,0.108,0.1,0.251
"CDK9",0.529,0.185,0.042,0.159,0.439,0.39,0.608,0.089,0.061,0.065,0.145
"PKC",0.549,0.17,0.39,0.25,0.146,0.254,0.051,0.476,0.505,0.343,0.205
"CDK4",0.167,0.085,0.251,0.116,0.04,0.094,0.017,0.09,0.113,0.383,0.01
"LCK",0.243,0.082,0.424,0.222,0.067,0.078,0.154,0.449,0.417,0.34,0.334
"BMX",0.276,0.324,0.131,0.082,0.206,0.486,0.367,0.305,0.329,0.245,0.251
"PLK1",0.227,0.202,0.16,0.137,0.253,0.146,0.236,0.065,0.125,0.253,0.447
"PLK3",0.022,0.523,0.038,0.222,0.439,0.18,0.193,0.014,0.103,0.167,0.101
"IGF1R",0.214,0.465,0.21,0.312,0.134,0.145,0.019,0.405,0.18,0.457,0.091
"IR",0.112,0.321,0.42,0.294,0.131,0.219,0.244,0.157,0.464,0.063,0.273
"MTOR",0.384,0.399,0.105,0.115,0.149,0.242,0.107,0.042,0.207,0.251,0.482
"AKT1",0.334,0.454,0.483,0.065,0.057,0.206,0.228,0.371,0.055,0.202,0.127
"AKT2",0.315,0.326,0.456,0.172,0.07,0.291,0.122,0.644,0.071,0.223,0.144
"AKT3",0.31,0.154,0.33,0.412,0.483,0.302,0.413,0.381,0.11,0.396,0.117
"HDAC1",0.289,0.071,0.447,0.052,0.105,0.229,0.063,0.442,0.025,0.268,0.053
"IKK",0.246,0.442,0.259,0.436,0.409,0.289,0.053,0.274,0.352,0.178,0.488
"PI3Kbeta",0.534,0.064,0.144,0.462,0.088,0.07,0.029,0.546,0.239,0.296,0.034
"ERK5",0.457,0.377,0.25,0.384,0.183,0.128,0.067,0.427,0.298,0.285,0.015
"ERBB2",0.278,0.024,0.577,0.098,0.063,0.229,0.007,0.787,0.233,0.21,0.151
"ROCK1",0.345,0.17,0.197,0.16,0.154,0.247,0.284,0.379,0.092,0.114,0.164
"ROCK2",0.383,0.249,0.354,0.218,0.491,0.258,0.12,0.157,0.317,0.092,0.259
"DNA crosslinker",0.283,0.456,0.047,0.09,0.448,0.186,0.037,0.002,0.22,0.108,0.119
"Microtubule destabiliser",0.112,0.393,0.182,0.526,0.25,0.52,0.37,0.468,0.075,0.241,0.299
"AR",0.414,0.073,0.075,0.254,0.223,0.116,0.361,0.231,0.403,0.266,0.122
"ATM",0.238,0.435,0.399,0.102,0.15,0.213,0.063,0.468,0.161,0.322,0.046
"FLT1",0.163,0.288,0.226,0.569,0.139,0.339,0.005,0.339,0.182,0.367,0.056
"GSK3A",0.031,0.144,0.627,0.146,0.229,0.206,0.346,0.284,0.469,0.451,0.106
"GSK3B",0.043,0.14,0.64,0.121,0.3,0.199,0.31,0.607,0.471,0.492,0.084
"PDGFRA",0.314,0.277,0.074,0.031,0.391,0.407,0.067,0.235,0.099,0.644,0.14
"VEGFR2",0.07,0.275,0.119,0.187,0.451,0.322,0.128,0.254,0.24,0.382,0.405
"FGFR1",0.012,0.22,0.412,0.044,0.174,0.035,0.299,0.042,0.234,0.381,0.046
"TIE2",0.204,0.16,0.493,0.278,0.307,0.485,0.059,0.247,0.196,0.101,0.195
"JNK2",0.216,0.203,0.282,0.306,0.495,0.278,0.364,0.162,0.274,0.194,0.086
"BRD2",0.421,0.51,0.421,0.172,0.49,0.267,0.043,0.051,0.343,0.128,0.418
"BRD3",0.394,0.438,0.321,0.149,0.43,0.248,0.036,0.048,0.393,0.076,0.379
"BRD4",0.122,0.072,0.296,0.122,0.106,0.1,0.208,0.215,0.317,0.154,0.124
"BRDT",0.016,0.418,0.181,0.09,0.343,0.062,0.113,0.523,0.095,0.334,0.147
"FNTA",0.19,0.442,0.1,0.532,0.023,0.083,0.256,0.018,0.078,0.036,0.281
"PDK1 (PDPK1)",0.519,0.249,0.027,0.39,0.373,0.373,0.35,0.072,0.277,0.241,0.093
"BCL2",0.04,0.307,0.184,0.099,0.421,0.286,0.136,0.358,0.589,0.308,0.263
"BCL-XL",0.048,0.187,0.149,0.126,0.534,0.208,0.223,0.396,0.361,0.62,0.163
"BCL-W",0.229,0.085,0.167,0.423,0.072,0.436,0.025,0.131,0.04,0.098,0.094
"MCL1",0.411,0.149,0.373,0.335,0.039,0.05,0.027,0.647,0.318,0.642,0.167
"dsDNA break",0.35,0.095,0.057,0.002,0.576,0.295,0.383,0.02,0.172,0.376,0.007
"BTK",0.113,0.424,0.241,0.186,0.149,0.207,0.047,0.372,0.088,0.172,0.49
"HSP90",0.098,0.289,0.333,0.463,0.347,0.418,0.369,0.214,0.402,0.146,0.12
"PDGFRB",0.069,0.053,0.143,0.434,0.188,0.47,0.011,0.129,0.194,0.246,0.539
"IKK2",0.405,0.393,0.44,0.196,0.128,0.198,0.063,0.219,0.271,0.208,0.009
"Amyloid beta20",0.202,0.358,0.214,0.098,0.222,0.052,0.174,0.014,0.575,0.253,0.09
"Amyloid beta40",0.264,0.409,0.238,0.075,0.299,0.073,0.154,0.028,0.495,0.316,0.154
"JAK2",0.243,0.188,0.358,0.54,0.012,0.158,0.009,0.269,0.146,0.251,0.042
"JNK1",0.03,0.292,0.098,0.047,0.092,0.264,0.045,0.093,0.355,0.277,0.275
"CDK6",0.377,0.277,0.137,0.398,0.217,0.418,0.307,0.074,0.244,0.392,0.298
"PI3K (class 1)",0.082,0.436,0.426,0.055,0.138,0.144,0.06,0.438,0.124,0.502,0.031
"PI3Kgamma",0.449,0.293,0.495,0.335,0.1,0.107,0.081,0.336,0.336,0.197,0.008
"RSK",0.329,0.36,0.459,0.335,0.404,0.368,0.277,0.391,0.301,0.337,0.137
"G9a and GLP",0.364,0.434,0.18,0.313,0.325,0.152,0.389,0.511,0.173,0.268,0.222
"FLT4",0.554,0.462,0.27,0.244,0.427,0.284,0.057,0.22,0.149,0.07,0.114
"NTRK2",0.197,0.291,0.128,0.101,0.535,0.256,0.195,0.561,0.259,0.373,0.054
"LTK",0.194,0.477,0.339,0.382,0.438,0.276,0.042,0.215,0.12,0.202,0.168
"TAK1",0.266,0.332,0.433,0.38,0.405,0.317,0.066,0.257,0.186,0.161,0.243
"ERK2",0.131,0.314,0.045,0.306,0.53,0.24,0.071,0.116,0.074,0.126,0.218
"HDAC6",0.071,0.09,0.306,0.015,0.35,0.275,0.182,0.166,0.314,0.487,0.13
"VEGFR1",0.387,0.348,0.304,0.14,0.199,0.457,0.361,0.296,0.43,0.308,0.358
"VEGFR3",0.389,0.385,0.6,0.107,0.321,0.375,0.283,0.408,0.439,0.256,0.31
"MTORC2",0.232,0.361,0.285,0.358,0.101,0.206,0.041,0.255,0.261,0.298,0.298
"PIM3",0.08,0.559,0.289,0.101,0.115,0.139,0.098,0.196,0.253,0.054,0.252
"ALK5",0.079,0.287,0.226,0.075,0.461,0.291,0.292,0.154,0.145,0.336,0.194
"TNKS1",0.164,0.426,0.144,0.22,0.306,0.273,0.395,0.14,0.199,0.23,0.307
"TNKS2",0.235,0.353,0.121,0.222,0.33,0.315,0.499,0.133,0.124,0.273,0.424
"TOP1",0.1,0.337,0.229,0.091,0.448,0.479,0.226,0.079,0.286,0.519,0.298
"Antimetabolite",0.221,0.293,0.09,0.293,0.44,0.203,0.309,0.059,0.156,0.047,0.44
"MEK1",0.187,0.402,0.104,0.181,0.406,0.237,0.46,0.061,0.286,0.334,0.168
"MEK2",0.239,0.374,0.094,0.182,0.446,0.193,0.435,0.077,0.22,0.414,0.202
"PARP1",0.457,0.151,0.304,0.115,0.392,0.434,0.379,0.167,0.385,0.464,0.186
"PARP2",0.392,0.166,0.338,0.314,0.511,0.336,0.575,0.194,0.483,0.451,0.439
"CHEK1",0.392,0.36,0.39,0.332,0.398,0.523,0.132,0.108,0.218,0.104,0.325
"NTRK1",0.214,0.344,0.176,0.186,0.091,0.054,0.424,0.038,0.08,0.02,0.062
"p38",0.275,0.314,0.145,0.043,0.364,0.498,0.382,0.336,0.14,0.255,0.196
"MDM2",0.24,0.329,0.19,0.112,0.049,0.201,0.165,0.06,0.341,0.38,0
