"","EGFR","Hypoxia","JAK.STAT","MAPK","NFkB","PI3K","TGFb","TNFa","Trail","VEGF","p53"
"A2058",0.149317685557627,0.331844093315231,-0.504014913041307,0.464825852063088,-0.512133438031533,-1.56591156305622,-0.31635005852185,-0.256374543986491,0.350823055661181,0.0797908693460834,-1.18037093971246
"A2780",-1.13303325360946,-0.485321731667367,-0.216393284540403,0.177635424841914,-1.09346359527355,-0.102467773791361,-0.408357316397602,-1.32008470348426,-0.236978317243642,-1.11983746039158,0.83201200627713
"A375",0.501234530861681,-0.460710430171835,-0.414392209619488,1.83136875408541,-0.0683357688015805,-0.702662487361416,1.52182481328974,0.420707509722647,0.397821360089765,0.597720247333036,-0.0422594316771694
"A427",-0.646646481682989,-0.467968778648858,-0.300518827480951,-0.242895218572931,-0.260706622780026,-0.682610128791323,-0.385474351057525,0.360378993766517,0.7304615059207,-1.33155241994048,0.547810418979325
"HCT-116",1.83210543811628,-0.133615350948877,-0.593899953629695,1.00296839069027,-0.77094233573488,0.416599907576328,-0.246917443084178,-0.815935375239726,-0.487805772219932,0.946862833637336,1.06461743162447
"HT-144",-0.2044920910736,0.222336129677682,-0.364648709800754,0.453681622017345,-0.65881590727215,-2.30272413447489,-0.770883018316015,-0.268163279665191,0.422950337607858,-0.811942416761757,0.434555016542205
"HT-29",0.00107538102200257,1.66142150359116,0.203912688886032,-0.14396683784439,-0.311207863304568,0.0958617345432607,-1.34031273009023,-0.699387246468546,-1.12598283800897,0.113093016389769,-0.0854811440938284
"LoVo",1.22785510119769,-0.620579712801373,-0.579524030002676,-0.382055321001107,0.261622544235437,-0.273178709525786,-0.0957753771068918,-0.289430143972815,0.148162876568398,0.36160873447805,0.569018519610246
"MDA-MB-436",-0.550161051741952,0.847037889670641,0.282536356070208,-0.225520783200695,2.61842889943246,1.61886396711951,-0.890498968158856,2.00518521604703,0.888118319110621,-0.0602045330157678,-2.21401946791446
"NCI-H1650",-1.24984081804213,1.72258492332161,1.87467760783651,-1.30512768083241,-0.483516578642541,0.84958286056064,0.342781351039145,-0.481032873590951,0.829029435458583,1.13670808637933,0.509127083061835
"NCI-H2122",0.923152338170295,-0.219495404468256,-0.747124520049145,0.0916643093142248,1.93771606548438,1.39098883995295,-0.0496395625380275,1.07466434121851,-1.07910737774465,-0.512360126497906,2.18461908848469
"NCI-H23",0.578065968401644,-0.184841623640957,-0.978810291772134,1.01364334331886,0.592336733043865,0.944664582652388,0.213405768964964,1.22004624515799,0.283681246785303,-0.213235708208898,-0.188759400259829
"NCI-H460",0.167040024896147,0.551519794824421,1.02068076964436,-0.740168288971081,1.23443731806554,0.674975007545682,1.48988628080867,1.06229294468435,0.69045267484286,1.29719816383615,1.09148296422296
"NCI-H520",-0.561291993089473,-0.96107289349239,-0.606841792462036,-0.288120246594237,-0.880383166884225,0.273339622070627,0.675559306927599,-0.893728923287616,-1.58191866357004,-0.771751063239318,-1.23866779472243
"OCUB-M",-1.42980264116314,-0.96108283914165,-1.24673728970463,-1.77342102295292,-1.00849330469016,0.832182026702714,0.2139667800002,-1.31030784767857,-2.87811232439403,0.562806814996307,-0.348180404872011
"OV-90",-0.0865542031709305,-1.39285848795973,-0.59454997855098,-0.276109563434371,0.33330740185805,1.05980533076943,-1.61892618096358,0.489526043168436,-0.240295157499292,-0.263862200959166,0.269497857634339
"OVCAR-3",-1.86540105080752,-0.244507435535797,-0.500048543511153,-1.50448063052384,-0.448821376844155,-0.0318773941237749,-0.151969475743581,-0.487755688420373,-0.678674960266818,-1.35074371049768,-1.00445098089969
"PA-1",-0.301852863497648,0.0715972317422085,-0.828240244764574,0.0765834141847736,-0.904442439504512,0.617601865020631,1.88049282303145,-1.04664782077284,-0.161066917079096,-0.281264258960042,1.18617498189464
"RKO",1.75938020356314,-0.284537346627595,-0.499732207716062,1.38327675853465,-0.206003971172598,-0.0992393457648549,-1.37458910795362,-0.447786864056492,-0.141796505631761,0.38697048118362,0.450011082025729
"RPMI-7951",0.288793606115507,2.22208473896957,1.68624233348211,0.0728946018210332,1.53745141943353,0.265288117294955,1.42719517901462,1.79453949417966,2.34218209822423,2.804778527082,-0.882719288870067
"SK-MEL-30",0.685479856140034,-0.170338441707405,1.53650509521505,1.22221023001425,-0.0140183692627326,-2.19101153108558,-0.896046143566584,-0.299354034962976,0.897159422660575,-0.502814104013266,-1.17947587705329
"SW620",1.28288451176021,-1.07865193935445,-0.962410538097175,0.595195162957693,-0.861628909400175,-0.0889063004350872,-0.973350773335022,-0.779276033168383,-0.449140289061663,1.25561898432026,-0.756962739791153
"SW837",-0.170093277201632,-0.679793005119024,2.64561474679695,-0.825327139783301,0.587070943369837,-0.628994134964868,1.2426166823674,0.0221714071452578,0.528331319228602,-0.0575465020481402,-0.548652957036251
"T47D",-1.83201180911197,-1.01656200901988,0.224653027028268,-2.15563700386175,-1.07011013586012,-1.20264812079573,-1.12517070987342,-0.977055949249827,-0.060744425431271,0.00243943567340041,1.02339457851852
"UACC-62",0.649477440858648,2.25878463920192,-0.348286624952864,1.39575268374291,-0.747689887313704,0.561894858974362,1.06441948318344,-0.165537264059155,0.981274258176209,-0.323171905833514,0.540969790363377
"UWB1.289",-0.014680552468451,-0.527273514008993,0.811351334736546,0.0811291899866055,1.19834234585012,0.270582903387407,0.572112748079755,2.08834639697381,-0.368824362183723,-1.94530978428783,-1.03329039233679
