"","EGFR","Hypoxia","JAK.STAT","MAPK","NFkB","PI3K","TGFb","TNFa","Trail","VEGF","p53"
"22RV1",-1.31107948561689,-0.890188968549658,-1.28858832904932,-1.18161283700736,-0.775376066377963,-1.30296210981054,0.49798912058606,-1.62064513258509,-0.722186499770672,-1.91735447018225,-0.8108288082759
"647-V",-0.0982794394404286,-0.226337292156609,1.13242835675538,0.0388262474473008,0.304414755935479,1.18181899464691,1.02328016088615,0.487300560042844,0.761737548355948,-1.1599659863308,-0.108247670525579
"A549",0.250680595822623,0.730741126248369,-0.898163567518989,-0.17969988318857,0.966194601702439,-0.904990806463309,1.88488150018158,0.673821818593693,0.164263766894236,-1.22879978268716,0.97697931606512
"BFTC-905",1.45331424687306,0.618537506748072,0.227567247217385,1.57341906445551,1.82538720770907,1.01599921601625,0.228440367365008,1.50314225528694,0.56530703566244,0.234697868206022,0.607740058534665
"BT-20",-0.769387408863548,-0.467602946331178,-0.137599775019073,-0.501536653376517,-0.352330710715601,-0.902188941673737,0.32881633567619,-0.0919836232735913,-1.30165099950939,2.37380140745331,-0.531831658875988
"BT-474",-0.264097990127734,-1.15189014586103,-1.31764993862447,-0.931262497863473,-0.986009200406371,0.0880990404489268,-0.292943535873608,-1.30227931890669,-0.646820834429591,0.153098470906043,-0.52913671855522
"BT-549",0.014078850814434,-0.0641730451242995,1.29118741568465,0.516308117839616,0.505501156662447,0.806510145235755,2.18148064982046,0.715248132651925,1.93749660446659,1.7176008244424,-1.28175792105432
"C32",0.872074470749181,1.69173799675524,-0.251326575804436,0.950372883448995,-0.702345040086139,-1.31713100608586,-0.437197823197549,-0.20094518698782,2.60131003904165,-1.36075736886775,0.286221531302698
"CAL-120",-0.208463632771914,0.0191028315611102,-0.338202478382544,-0.212343679049993,-0.588297513921629,-0.130748425046609,-0.806631000282634,-0.529269008811275,-0.187059871372341,0.0335466569809482,-1.21526633753132
"CAL-148",-1.80324991477041,-1.53336477029014,-1.47828944587237,-1.41278264254438,-1.20526537664576,-1.18430740399213,-0.964762576547395,-1.29169739919468,-1.95905061847952,0.531006692520028,-0.462308804697935
"CAL-51",-0.339539376652761,-0.785702385907555,-1.09002051315618,0.0470565834451124,-0.548043604277884,-0.103522759673053,0.908257090582442,-0.120784386276489,-0.856991211101526,0.105228366903308,0.688844667241053
"Calu-3",1.33466170561709,-0.16083118478965,1.17166786080656,0.375456291253242,2.02977283381044,-0.0501282917564055,0.0119255174541088,2.35421592576298,0.4841534119556,-0.612017867901467,0.274007432570014
"Calu-6",1.18204635143387,0.327175412156308,-0.853286457713835,1.89416429808221,-0.452849792778778,-0.339104310647967,0.470721087735572,-0.613451408637955,0.408784069719578,1.81731194414291,-0.860941218760806
"CAMA-1",-1.59646874051564,-1.32630904488388,0.0389153865792713,-1.86814674516097,-0.468045695300811,-1.73835918596844,-1.29639400860983,-0.142454926303946,-1.84300338106203,0.831055294319489,-0.91669604697654
"COLO-205",0.374196815881793,-0.519880105976151,0.338896535419016,0.390332580031894,0.360501676583082,-1.57851964757413,-1.72014425791505,-0.0500478507645033,-0.89448446582778,-1.15373388779403,0.507903120536695
"DMS-114",-1.18470579578332,-1.40759073858793,-0.950997199340578,-0.477031249416995,-1.68588508606523,0.424700172352795,-0.875379430196926,-1.26947351529323,-0.290629837089415,-0.281322379471607,-1.12861773291303
"DU-4475",0.284190079303277,-0.200438338727667,-0.66909113006514,0.384846922694419,-1.27898115868693,-0.608850720987608,-0.762165491406882,-0.818772598164736,-0.840998142447677,0.00747481056619485,0.186514783393507
"EVSA-T",-1.77731265533222,0.80805706514218,-1.48876727341639,-1.69856153948041,-0.96738245228692,-0.77547677656373,-0.311980228165493,-1.26113018799396,-1.82613130304698,0.234315602092249,-0.938135904110819
"HCC1143",0.947547412889474,0.208580000992351,0.52812870852396,0.60197308662419,1.3874047036367,1.23730526463635,-0.0147670095366291,0.971789533359257,0.83260642567375,-1.03357257922835,0.248923786944297
"HCC1187",-1.55195678668759,-0.72062547824237,2.82732317964635,-1.1956527805781,-0.452011151866653,0.304321983530931,0.462909760811755,0.303768525675623,-1.39643005075226,-2.18715180942463,-1.49945985365642
"HCC1395",-0.0505534968368833,0.95714500359594,0.711607398402464,-0.222794459320335,0.2405011057482,0.975380762327191,1.52401020279296,0.507437410324026,0.279226305273181,-0.691291513984095,-0.835520907731326
"HCC1419",-0.492497644992584,-0.114689391290387,-1.33236940807501,-0.822568373526323,-0.825471858306205,-1.29553844695202,-0.277181830635912,-1.35247634466787,-0.750613334696103,0.351860099057304,-0.115756059831363
"HCC1428",-1.78416209170533,-0.530717908733852,-0.439556023428731,-1.76870347539604,-0.861938476865821,-0.124343362657514,-2.10295233750431,-1.45557375660442,-0.440041225874484,0.224769851846352,0.358433183791876
"HCC1500",-1.35546551545205,-0.882945855145511,0.0796542394900844,-1.75997901056473,-0.838071794635559,0.205831703116096,-1.22749421915257,-1.07870884989056,-1.47347728070111,0.424623446765599,1.05487044785995
"HCC1569",-0.546409078222001,0.914194530593649,-0.196275876907791,-0.529861619439493,0.0995851388569907,-0.0506186162285221,0.220748387902312,0.781077853638221,0.548815100673743,-0.783557255235352,-1.14736451725651
"HCC1806",0.631247252720533,0.184649252815805,0.706296728227101,0.014029955873287,2.51366769885555,-0.67191835132054,1.0628006872401,2.21871283364008,1.09315613122098,-2.30442672325436,1.22464213732152
"HCC1937",-0.645675236339208,-0.072479599838328,2.19346269047275,-0.982965463064827,0.0204466297627527,-0.258715267711469,0.127133197140207,0.113146491696546,-0.316094077299795,-0.863636353712458,1.41298634018563
"HCC1954",0.5362880579575,0.15792510564376,0.82479940162859,0.735465724568572,0.109508179160312,0.212105190955081,-0.191734123591689,0.186882074704702,-1.20016894575711,0.730985955624916,1.15391462827292
"HCC38",-0.194052991582939,-0.464673544604037,0.166965028444533,-0.300086205864014,-0.237299985719764,1.39302125315279,2.34653654679376,0.322051307183846,-0.883506064234237,0.307029499966643,-0.641030279963256
"HCC70",-1.05954873320137,0.506751167362411,1.17317642128559,-0.905871180140956,-0.111807371831241,0.847950417691443,-0.150177948740816,0.404139047252901,0.346097062031593,0.00457203352793108,0.211001374051376
"HCT-116",1.91773299192202,0.0992955231924991,-0.580942480665295,1.42655982378069,-0.674661453482367,0.151248761203069,-0.310566041984575,-0.82227382314024,-0.230518170810122,0.823853057158622,1.07852686731915
"Hs-578-T",-0.121658282825261,5.15721647588475,-1.03385076157645,0.0931504073157544,0.327236131690653,2.15514457381514,2.78254085928489,0.0647316272277729,1.59255752834401,1.15722881271903,-1.2453189746305
"HT-1197",0.54174494332384,0.72693843070037,1.46860436758905,-0.325135475988902,-0.147880544375949,0.254762115332578,1.37694850343728,-0.313570095885421,0.0399007823026747,-0.52131953463147,3.22417638935929
"HT-1376",0.123575653142339,-0.352730963272486,0.433924682376085,-0.0811487449968309,0.467518056336857,0.567279845224375,-0.0601077991576704,-0.450855962102572,0.344269147498404,0.394426661807166,0.743922926778045
"HT-29",0.314879414156011,1.96267655510668,0.275946560958483,0.360026318225904,-0.0865661867438348,-0.296706824961138,-1.36860051978115,-0.67014658823919,-0.836309378793517,-0.05710963631255,0.00930273064706608
"J82",-0.141424041061136,0.820936132588161,2.25695262165887,-0.419667222394644,0.396856014419955,1.34318603454326,-0.0786824219603861,0.370596452866873,1.43849644946132,1.73429470305455,-1.00894231828369
"KATOIII",0.654760985688214,-1.25447824458374,0.0428212645657681,0.784968507732955,0.292253486301297,-1.53272841122387,-1.42693064671068,0.577719478968674,0.747130078593783,-0.365405024616903,-0.173180784004271
"KMS-11",-0.523840382636524,-1.11183418702998,-0.334406849517076,-0.421510734742392,-0.972055101566313,-0.0788667769691117,-1.57929760185134,-0.518257783923359,-0.605597886186867,0.0856432763179601,-0.687127045735969
"KU-19-19",1.25788808615564,0.791208601342089,-0.522454470595169,1.40798512709618,-0.0661214050287982,0.864689685499352,0.145684329328411,-0.405051307589835,1.15766458806914,0.627103164834693,1.2493697423356
"LS-513",0.905583663884905,-1.54943697117273,-0.357386375548417,0.339779179441729,0.0553365078185554,-0.201918123167405,-1.51241071915182,0.0679196439239935,0.0428326131031149,0.528356131583542,2.64119916640488
"M14",0.693877470206932,0.486923069032818,-0.00335960369711914,1.66388817442864,-0.739158615691527,-0.850107670511526,-0.896054059689275,-0.441933206427066,3.10106148549684,-0.194051705661703,-0.689719612894634
"MCF7",-1.863858011512,-1.35966209964957,-0.875291364967017,-1.42860051226101,-0.932861534760282,-1.10567989314376,-1.21331559513696,-1.25246076198822,-1.48010691071953,-0.285677676847447,0.969463359769607
"MDA-MB-157",-1.36788934429833,0.164350448027669,-0.199640935465007,-1.21222005700694,-0.577609732526931,-1.22530607531992,0.337856081798735,0.0893685329941431,-0.315242469774551,-0.403298884712454,-0.901504855004417
"MDA-MB-231",1.04362886287257,0.298430964257962,0.0843963503219722,1.57361829718004,1.77327737282531,0.248585196337568,-0.42584805105114,1.11783365601263,1.84398832445853,0.51361195140741,-0.903423072709995
"MDA-MB-361",-0.267217561970277,-1.06586303364401,-0.931657361416219,-0.58590186775689,-0.980064344960284,0.0041784697648487,-0.022496227852783,-1.16323243939282,-0.350673753256676,1.10126426342637,-0.00910730732546266
"MDA-MB-415",-0.283010545841606,-0.877397078680095,-0.324663331588622,-0.737878183847767,-0.794778002433066,0.346321803094465,0.292146996172977,-1.01995917509943,-0.529314989866838,1.61098554903968,-0.464887033640739
"MDA-MB-436",-0.16779961178755,1.11737728699763,0.360397669053851,0.284061177423992,3.65931979956233,1.83072888974592,-0.933353434147691,2.85531291294449,1.0735854890475,-0.239318000356177,-1.96984021602328
"MDA-MB-453",-1.05191343940293,-0.352879918097474,-0.221825897612328,-1.05275345341596,-0.882354758895996,-1.15860548187587,-1.03844655841049,-1.38905092268641,-0.806743071291426,-0.15062002107268,0.911127779710975
"MDA-MB-468",-0.347185040489793,0.352843582036715,0.00993788993678677,0.00448044222141312,-0.105226930255413,1.13624110422853,-0.289381824448677,0.285726696753779,-0.366204653356413,-0.510247875303199,-0.751006270620796
"MFM-223",-0.650930553015481,0.479072790906048,-0.898765178262055,-0.686441670131389,-0.864803673858748,-0.734723636038205,0.510961001041412,-1.21400876076792,-0.26781993161698,1.26315997061226,0.141662580166199
"NCI-H1299",1.07890255503025,-0.312087102860187,-0.865880487706301,1.85480800787516,-0.965178599888041,0.674382798143208,-0.140340012045348,-0.17417174640966,-0.661622127348027,-0.0532422502198266,-1.15186182263624
"NCI-H1563",-1.16994307094626,0.92487521133991,-0.419213213068707,-0.859529050581474,-0.598773623510634,0.0636477176756205,1.28588139697785,-0.127670651046478,-0.504279635225198,0.684564848012054,1.01547372528577
"NCI-H1703",-0.579679595800195,-1.08523635000441,-0.228648396604773,-0.419910469980231,-0.962177875149268,0.70601958657727,-0.272789950033582,-0.28536904234383,-0.714812756798625,0.239343676073498,-0.784110112153389
"NCI-H1793",-0.744813964512202,0.248231664802783,-0.0467665147059075,-1.06850492174712,0.148944477849938,1.11908400519187,0.134116318457027,0.59917223624739,1.30250622570807,-1.47735241257704,0.302969694407064
"NCI-H1975",0.613437200279505,0.329064064417905,0.559529065690672,0.793191158028217,0.0620312271658647,0.0615885328492293,-0.485751799278045,0.706676512152895,-0.634030077473431,0.79374025619545,-0.0122531876499399
"NCI-H2085",-1.65585379966425,0.89097167895793,-0.481638181612346,-1.39591079095541,-0.753255851180181,-0.528438052790893,2.44582202532777,-0.631683219215732,0.596197967338138,0.0255395532244045,-1.16565519075568
"NCI-H2170",-0.42311783331205,-1.03933014269441,-1.00435714403496,-0.0462547624795353,-0.994351171386463,1.07968058909285,-0.473209928601026,-1.20043472413221,-1.03746180111456,-1.7496642871339,-0.746265483026635
"NCI-H2228",1.3980546281947,0.660686441906334,0.645676097190479,1.22679018496526,1.67077449599679,0.155268448844003,-0.249721319882499,2.22269498722346,0.433010534025198,0.780579497548525,-0.132900652034479
"NCI-H226",-0.441315956033812,0.748373063691307,0.737242282261837,-0.42107876166179,0.75973370336707,1.73811832443563,1.77258608493294,1.27408269637798,-0.135324444028902,0.846362514135177,1.33233494258704
"NCI-H2291",1.61572853573278,-0.285802218068829,1.15989314809291,1.10603145151404,0.759043570570458,0.142833827038879,0.240109526153031,0.625801045976633,0.339071184006592,0.575942453157013,0.114687934440608
"NCI-H23",0.820022731154366,0.0460880077835102,-0.994305760302738,1.43636455906506,1.06840633775752,0.888655677254424,0.134663083866959,1.83189881657092,0.500188770628333,-0.400751662323129,-0.086710344034119
"NCI-H3122",1.35631278911125,-0.893891825105147,-0.746570058700774,1.82002330573003,-0.0212818566393013,-0.164182693262695,0.349635950655148,-0.36358271392233,-0.212204723971262,-0.394293321173233,0.208931503665142
"NCI-H358",0.914498264683676,0.617906548613395,0.959799689877275,0.78218790879725,0.247110830338114,-0.502199813469706,-0.223245946465078,0.0602744328530287,-0.342469568550307,2.89619256336158,-0.11398597636063
"NCI-H520",-0.177401494618764,-0.759722834843862,-0.594823773898048,0.225917823555754,-0.814348810817301,-0.0485983951370402,0.582071298646411,-0.923578844558692,-1.2676810633797,-0.990225974831756,-1.0627956028183
"NCI-H522",-0.774242659847785,-0.898158924275359,-0.893522646919677,-0.513153465951384,-1.31214502111233,0.0820350316689708,0.105492034096667,-1.30641958845826,-0.182170268125881,-2.04996218121995,-0.254819243985788
"NCI-H747",0.185573962014245,-0.634305854280808,1.54190522719292,-0.0772208171934655,0.186467189596076,-1.06022482217663,-0.124460422550757,0.802888235304789,-0.157201048612975,-0.88233438208675,-0.514062205549765
"NCI-H838",-0.978817921959885,1.13655416651513,-0.6394354877792,-1.05341772903503,0.209381385707907,0.901034118818398,1.62024639423027,0.946540504269254,-0.367870608000414,0.360229938653495,-0.45162668110575
"NCI-SNU-16",-0.233125381696944,-0.672969888169924,-0.399254997796162,0.0564052156327043,-0.341385257516554,0.214294455400938,-0.987981189419662,-0.531110921684749,-0.64103856133338,-1.00860361253173,0.679030587570884
"RKO",1.85406510923393,-0.0572911906918998,-0.47973805635688,1.78002406690369,0.0478624658577991,-0.569088002029904,-1.40179454696512,-0.342185161432866,0.0978329464235526,0.232837735984592,0.507191730511883
"RT4",0.301353597860438,-0.331170891110566,-0.407993517770607,-0.0357932663555901,0.76413088148458,0.344936018672303,-0.303966087986375,0.675117128917838,-0.0817704767850736,-0.283698827427364,2.3719673582996
"SW48",1.77012793272703,0.276645590616769,-0.608513555369085,1.11280161018258,-0.313635461144259,-0.977675234732941,-0.110910182025101,-0.181112104082028,0.469499506632141,1.23089814903504,1.2911544288366
"SW620",1.43692952937883,-0.881618738561664,-0.976703490504635,1.04724015164164,-0.790406091489334,-0.554709345587898,-1.01351640186979,-0.774510444986148,-0.193558825025736,1.15002399672031,-0.614997930512772
"SW780",0.456029531227005,-0.333082029333935,0.143242965915587,0.289275131065021,0.625272165510723,-0.861952617682562,0.361184340633568,0.29018577037047,-0.0366348325415802,-1.43965818521728,2.62713505967098
"SW837",0.165135634438351,-0.46756095546713,2.89825331100604,-0.273415699866441,1.06185763311067,-1.30878547850914,1.13108099835709,0.270371489670672,0.732696063020974,-0.236919018199259,-0.421298601306915
"SW900",1.09003142383318,-0.21637950746402,1.44679187776974,1.21576394513009,1.57173191181821,0.0146816322752146,-0.0221726762435083,1.58563545048673,0.791642460806981,0.206650166315605,-0.149778159163157
"SW948",-0.163908527467143,-0.870408347308141,-0.891465593939411,0.0148902960764674,-0.271401018226353,-1.25207314057159,-1.15474884517861,-0.944951088288276,-0.153585403540593,-1.061893086578,-0.118741171173845
"T-24",0.793024055859632,2.39138422058724,1.24143499500562,0.735322419359675,1.74899173165451,0.729726446239863,0.143446725481239,0.700396517406299,1.72199756678182,0.737918196018261,-0.111926368680198
"T47D",-1.28974756460554,-0.81706998328988,0.298262298441707,-1.51031064048479,-1.05682214962279,-2.1103058618933,-1.16031278931696,-1.03214391234762,0.174638608038311,-0.173236093573108,1.04030358120743
"TCCSUP",0.379451945354345,0.0159771277923766,2.57382027443625,-6.42605803864326e-05,0.690344164908569,2.51817826075779,0.902483956399096,0.689433063841242,2.3561666409786,0.02207166532022,-0.291826835689342
"UACC-812",-0.469861598312652,0.981631523884359,-0.500085758619916,-0.744671039916925,-0.583034545970352,-1.03737922909819,0.0123399031469232,0.167073264822146,-0.590954045219923,0.176637929648048,0.702816330329027
"UM-UC-3",1.25413641382435,0.967522426056164,-0.626519864690293,1.51401761300331,0.555974371669541,1.07312642782732,0.651312847540089,0.870373530622567,0.986574988705087,0.101508644204297,-1.49616107730251
"VCaP",-1.48525128365146,-0.275250354325476,-1.19257423123008,-1.45453697674851,-0.966836973526072,-1.27879973042079,-0.41948865664536,-1.45265399401824,-0.66406117366365,-1.0778573646946,-0.31566442975082
"VM-CUB-1",1.58989973081148,0.45828178237222,-0.538469903029453,1.3046668119267,2.39384732679126,2.67377722002434,0.533266808264263,1.8415140239062,0.290137349425708,0.600380846485286,-0.531332220093711
