"","EGFR","Hypoxia","JAK.STAT","MAPK","NFkB","PI3K","TGFb","TNFa","Trail","VEGF","p53"
"EGFR",0.83995731292517,0.456756448412698,0.996559523809524,0.6754458994709,0.21592123015873,0.456756448412698,0.938426884920635,0.21592123015873,1,1,0.484992301587302
"MTORC1",1,1,1,1,0.680982341269841,0.786174735449735,1,0.680982341269841,1,0.996559523809524,1
"PDGFR",1,1,1,1,1,0.847075595238095,0.847075595238095,0.847075595238095,0.847075595238095,1,1
"KIT",1,0.955958950617284,0.955958950617284,0.955958950617284,0.955958950617284,0.955958950617284,0.955958950617284,0.955958950617284,0.955958950617284,0.955958950617284,1
"VEGFR",1,1,1,1,0.548107738095238,1,1,0.166093253968254,1,1,1
"FLT3",1,1,1,1,1,1,1,1,1,1,1
"RET",1,1,0.876972380952381,1,0.876972380952381,1,0.991814002267574,0.876972380952381,0.876972380952381,0.913512896825397,0.876972380952381
"CSF1R",1,1,1,1,1,1,1,1,1,1,1
"MET",0.852612037037037,0.852612037037037,1,1,0.852612037037037,1,1,1,1,1,1
"Proteasome",1,1,1,1,1,1,1,1,1,1,1
"Microtubule stabiliser",1,1,1,1,1,1,1,1,1,1,1
"SMO",1,1,1,1,1,1,1,1,1,1,1
"BRAF",1,1,1,1,1,1,1,1,1,1,1
"AURKA",0.83711,1,0.984102529761905,1,0.83711,0.332186507936508,0.83711,0.984102529761905,0.83711,0.984102529761905,1
"AURKB",1,1,1,1,1,1,1,0.664373015873016,1,1,1
"AURKC",1,1,1,1,1,1,1,1,1,1,1
"ABL",1,1,1,1,1,1,1,1,1,1,1
"ALK",1,1,1,1,1,1,1,1,1,1,1
"SRC",1,1,0.841539153439153,1,1,0.841539153439153,1,1,0.841539153439153,1,1
"CDK1",1,1,1,1,1,1,1,1,1,1,1
"CDK2",1,0.863684920634921,1,1,1,1,1,1,1,0.564717063492064,1
"CDK5",1,1,1,1,1,1,1,1,1,1,1
"CDK7",1,1,1,1,1,1,1,1,1,1,1
"CDK9",1,1,1,1,1,1,1,1,1,1,1
"PKC",1,1,1,1,1,1,1,1,1,1,1
"CDK4",1,1,1,1,1,1,1,0.913512896825397,1,0.913512896825397,1
"LCK",1,1,1,1,1,1,1,1,1,1,1
"BMX",1,1,1,1,1,1,1,1,1,0.764028968253968,1
"PLK1",1,1,1,1,1,1,1,1,1,1,1
"PLK3",1,1,1,0.92458578042328,0.92458578042328,0.465061111111111,0.863684920634921,0.863684920634921,0.863684920634921,1,1
"IGF1R",0.478348571428571,1,1,0.254676322751323,0.182702579365079,0.39862380952381,1,0.182702579365079,1,1,1
"IR",0.83046626984127,1,1,1,1,1,1,1,1,1,1
"MTOR",1,1,1,1,0.930122222222222,1,1,0.930122222222222,1,1,1
"AKT1",1,0.166093253968254,1,0.896903571428572,0.149483928571429,1,1,0.0996559523809524,1,0.896903571428572,1
"AKT2",1,0.0996559523809524,1,1,0.0996559523809524,1,1,0.0996559523809524,1,0.672677678571429,1
"AKT3",1,1,1,1,1,1,1,1,1,1,1
"HDAC1",1,1,1,1,0.863684920634921,1,1,1,1,0.531498412698413,1
"IKK",1,1,1,1,1,1,1,1,1,1,1
"PI3Kbeta",0.937504144620811,1,1,0.688100623582766,0.688100623582766,0.688100623582766,0.688100623582766,0.688100623582766,0.688100623582766,0.851227926587302,0.688100623582766
"ERK5",1,1,1,1,1,1,1,1,1,1,1
"ERBB2",1,1,1,1,1,1,1,1,1,1,1
"ROCK1",1,0.907976455026455,1,0.907976455026455,0.925376700680272,0.907976455026455,0.907976455026455,0.907976455026455,0.907976455026455,1,1
"ROCK2",1,1,1,1,1,1,1,1,1,1,1
"DNA crosslinker",1,1,1,1,1,1,1,1,1,1,1
"Microtubule destabiliser",1,1,1,1,1,1,1,1,1,1,1
"AR",1,1,1,1,0.166093253968254,1,1,0.581326388888889,1,1,1
"ATM",1,1,0.855380257936508,1,0.855380257936508,1,1,0.855380257936508,1,1,0.855380257936508
"FLT1",1,1,1,0.98548664021164,0.730810317460317,1,1,0.930122222222222,1,1,1
"GSK3A",1,1,1,1,1,1,1,1,1,1,1
"GSK3B",1,1,1,1,1,1,1,1,1,1,1
"PDGFRA",1,0.30727251984127,1,1,0.166093253968254,0.764028968253968,0.287894973544974,0.287894973544974,1,1,1
"VEGFR2",1,1,1,1,1,1,1,1,1,1,1
"FGFR1",1,1,1,1,1,1,1,1,1,1,1
"TIE2",1,1,1,1,0.232530555555556,1,1,0.232530555555556,1,1,1
"JNK2",0.876972380952381,0.764028968253968,0.876972380952381,1,0.876972380952381,1,1,1,0.876972380952381,1,1
"BRD2",0.885830687830688,1,1,0.885830687830688,0.885830687830688,0.885830687830688,0.885830687830688,0.885830687830688,1,1,1
"BRD3",0.85419387755102,0.85419387755102,1,0.85419387755102,0.85419387755102,0.85419387755102,0.85419387755102,0.85419387755102,1,0.950883878968254,1
"BRD4",0.89136712962963,0.40526753968254,1,0.930122222222222,0.40526753968254,0.39862380952381,0.40526753968254,0.40526753968254,1,0.911140136054422,1
"BRDT",1,1,1,1,1,1,1,1,1,1,1
"FNTA",1,1,1,1,0.764028968253968,1,1,0.498279761904762,1,1,1
"PDK1 (PDPK1)",1,1,1,1,1,1,1,1,1,1,1
"BCL2",1,0.730810317460317,1,1,1,1,1,1,1,1,1
"BCL-XL",1,1,1,1,1,1,1,1,1,1,1
"BCL-W",0.974413756613757,0.166093253968254,1,1,0.974413756613757,1,0.974413756613757,1,0.974413756613757,0.974413756613757,1
"MCL1",1,1,1,1,1,1,1,1,1,1,1
"dsDNA break",1,1,1,1,1,1,1,1,1,1,1
"BTK",1,0.332186507936508,1,1,1,1,1,1,1,1,1
"HSP90",1,1,1,1,1,1,1,1,1,1,1
"PDGFRB",1,1,1,1,0.415233134920635,1,1,0.415233134920635,1,1,1
"IKK2",1,1,1,1,1,1,1,1,1,1,1
"Amyloid beta20",1,1,1,1,1,1,1,1,1,1,1
"Amyloid beta40",1,1,1,1,1,1,1,0.730810317460317,1,1,1
"JAK2",1,0.85893939909297,0.922740299823633,0.85893939909297,0.85893939909297,1,0.922740299823633,0.85893939909297,0.85893939909297,0.85893939909297,0.85893939909297
"JNK1",0.981460137085137,0.981460137085137,0.981460137085137,0.890259841269841,0.888598908730159,0.888598908730159,0.888598908730159,0.981460137085137,0.981460137085137,0.888598908730159,0.981460137085137
"CDK6",1,1,1,1,1,1,1,1,1,1,1
"PI3K (class 1)",1,1,1,1,1,1,1,1,1,1,1
"PI3Kgamma",1,1,1,1,1,1,1,1,1,1,1
"RSK",1,1,1,1,1,1,1,1,1,1,1
"G9a and GLP",0.838770932539683,1,0.838770932539683,1,0.838770932539683,0.838770932539683,1,1,1,1,1
"FLT4",1,1,1,1,0.564717063492064,1,1,1,1,1,1
"NTRK2",1,1,1,1,1,1,1,1,1,1,1
"LTK",1,1,1,1,0.680982341269841,1,1,0.680982341269841,1,1,1
"TAK1",1,1,1,1,0.282358531746032,0.282358531746032,1,1,1,1,1
"ERK2",1,1,1,1,1,1,1,0.764028968253968,1,1,1
"HDAC6",1,1,0.991814002267574,0.991814002267574,0.991814002267574,0.991814002267574,0.991814002267574,0.991814002267574,0.991814002267574,1,1
"VEGFR1",1,1,1,1,1,1,1,1,1,1,1
"VEGFR3",1,1,1,1,1,1,1,1,1,1,1
"MTORC2",1,1,1,1,1,1,1,1,1,1,1
"PIM3",0.597935714285714,0.597935714285714,1,1,0.498279761904762,1,1,1,0.597935714285714,1,1
"ALK5",0.957804431216931,0.957804431216931,0.70866455026455,1,0.957804431216931,0.70866455026455,0.70866455026455,1,1,1,1
"TNKS1",1,1,1,1,0.813856944444445,1,1,0.813856944444445,1,1,1
"TNKS2",1,1,1,1,0.548107738095238,1,1,0.548107738095238,1,1,1
"TOP1",1,1,1,1,1,1,1,1,1,1,1
"Antimetabolite",0.518210952380952,0.43184246031746,1,0.39862380952381,0.420769576719577,0.868430442176871,1,0.868430442176871,1,0.39862380952381,1
"MEK1",0.132874603174603,0.6754458994709,0.41191126984127,1,0.221457671957672,0.132874603174603,0.41191126984127,1,1,1,1
"MEK2",0.232530555555556,0.70866455026455,0.378692619047619,1,0.232530555555556,0.166093253968254,0.378692619047619,1,1,1,1
"PARP1",1,0.70866455026455,1,1,0.0664373015873016,0.949104308390023,0.70866455026455,0.949104308390023,0.949104308390023,0.949104308390023,1
"PARP2",1,1,1,1,0.166093253968254,1,1,1,1,1,1
"CHEK1",1,1,1,1,1,1,1,1,1,1,1
"NTRK1",1,1,1,1,1,1,1,1,1,1,1
"p38",1,1,1,1,1,1,0.996559523809524,0.996559523809524,1,1,1
"MDM2",1,1,1,1,1,1,1,1,1,1,0.83046626984127
