"","EGFR","Hypoxia","JAK.STAT","MAPK","NFkB","PI3K","TGFb","TNFa","Trail","VEGF","p53"
"EGFR",0.177,0.055,0.27,0.122,0.013,0.047,0.226,0.009,0.517,0.349,0.073
"MTORC1",0.461,0.547,0.206,0.413,0.041,0.071,0.154,0.041,0.348,0.12,0.219
"PDGFR",0.275,0.39,0.415,0.503,0.246,0.102,0.094,0.046,0.063,0.492,0.314
"KIT",0.396,0.169,0.259,0.259,0.218,0.124,0.091,0.23,0.242,0.035,0.519
"VEGFR",0.405,0.434,0.435,0.207,0.033,0.42,0.347,0.005,0.347,0.333,0.188
"FLT3",0.284,0.533,0.115,0.455,0.212,0.284,0.394,0.302,0.192,0.18,0.417
"RET",0.432,0.266,0.121,0.345,0.083,0.323,0.209,0.074,0.132,0.165,0.096
"CSF1R",0.223,0.302,0.312,0.243,0.405,0.139,0.306,0.557,0.137,0.091,0.509
"MET",0.076,0.077,0.167,0.231,0.042,0.285,0.376,0.355,0.122,0.299,0.386
"Proteasome",0.399,0.562,0.145,0.387,0.212,0.1,0.187,0.136,0.202,0.235,0.426
"Microtubule stabiliser",0.35,0.345,0.204,0.407,0.319,0.365,0.409,0.239,0.507,0.094,0.194
"SMO",0.391,0.393,0.332,0.348,0.133,0.192,0.236,0.338,0.155,0.218,0.289
"BRAF",0.334,0.041,0.361,0.268,0.348,0.065,0.121,0.42,0.203,0.284,0.327
"AURKA",0.07,0.486,0.236,0.406,0.126,0.01,0.125,0.197,0.091,0.237,0.555
"AURKB",0.182,0.596,0.239,0.322,0.235,0.118,0.165,0.02,0.258,0.339,0.206
"AURKC",0.116,0.285,0.18,0.446,0.408,0.203,0.269,0.126,0.452,0.184,0.071
"ABL",0.258,0.245,0.407,0.42,0.427,0.039,0.178,0.422,0.227,0.203,0.413
"ALK",0.372,0.225,0.214,0.426,0.254,0.205,0.312,0.525,0.077,0.14,0.319
"SRC",0.361,0.594,0.071,0.422,0.34,0.076,0.183,0.219,0.049,0.49,0.447
"CDK1",0.375,0.14,0.232,0.336,0.177,0.405,0.297,0.214,0.329,0.04,0.251
"CDK2",0.309,0.052,0.316,0.342,0.362,0.111,0.508,0.254,0.485,0.017,0.328
"CDK5",0.253,0.06,0.442,0.461,0.384,0.349,0.526,0.248,0.288,0.094,0.219
"CDK7",0.083,0.496,0.289,0.188,0.359,0.213,0.276,0.321,0.339,0.477,0.118
"CDK9",0.379,0.253,0.381,0.431,0.18,0.128,0.248,0.038,0.235,0.149,0.361
"PKC",0.428,0.389,0.202,0.302,0.354,0.14,0.251,0.443,0.236,0.228,0.405
"CDK4",0.229,0.136,0.408,0.343,0.38,0.413,0.384,0.046,0.27,0.055,0.283
"LCK",0.489,0.41,0.106,0.208,0.329,0.077,0.172,0.269,0.05,0.419,0.375
"BMX",0.323,0.09,0.118,0.363,0.445,0.491,0.408,0.519,0.566,0.023,0.563
"PLK1",0.427,0.52,0.15,0.453,0.196,0.177,0.366,0.137,0.31,0.156,0.212
"PLK3",0.516,0.481,0.281,0.167,0.147,0.014,0.088,0.095,0.104,0.231,0.255
"IGF1R",0.072,0.359,0.422,0.023,0.006,0.048,0.463,0.011,0.445,0.328,0.226
"IR",0.025,0.337,0.089,0.155,0.317,0.416,0.178,0.224,0.103,0.22,0.53
"MTOR",0.427,0.445,0.166,0.44,0.056,0.095,0.302,0.055,0.411,0.14,0.198
"AKT1",0.315,0.015,0.428,0.121,0.009,0.298,0.215,0.003,0.341,0.135,0.254
"AKT2",0.583,0.008,0.404,0.217,0.009,0.235,0.164,0.004,0.322,0.081,0.259
"AKT3",0.533,0.235,0.183,0.093,0.452,0.277,0.167,0.122,0.401,0.067,0.233
"HDAC1",0.408,0.256,0.477,0.192,0.052,0.394,0.412,0.272,0.124,0.016,0.449
"IKK",0.277,0.44,0.375,0.38,0.201,0.26,0.285,0.19,0.236,0.114,0.206
"PI3Kbeta",0.254,0.321,0.354,0.102,0.049,0.133,0.11,0.035,0.117,0.205,0.145
"ERK5",0.444,0.488,0.378,0.088,0.08,0.504,0.38,0.223,0.233,0.185,0.43
"ERBB2",0.122,0.157,0.266,0.065,0.487,0.526,0.272,0.066,0.488,0.55,0.453
"ROCK1",0.433,0.164,0.29,0.144,0.195,0.056,0.154,0.052,0.107,0.247,0.543
"ROCK2",0.154,0.194,0.227,0.424,0.086,0.185,0.499,0.439,0.266,0.294,0.223
"DNA crosslinker",0.307,0.168,0.356,0.315,0.151,0.287,0.518,0.059,0.396,0.125,0.137
"Microtubule destabiliser",0.451,0.392,0.237,0.304,0.313,0.292,0.478,0.418,0.513,0.147,0.42
"AR",0.427,0.136,0.195,0.295,0.005,0.311,0.28,0.035,0.217,0.542,0.18
"ATM",0.479,0.268,0.068,0.43,0.067,0.173,0.372,0.094,0.277,0.48,0.103
"FLT1",0.43,0.327,0.416,0.089,0.022,0.346,0.483,0.056,0.154,0.591,0.465
"GSK3A",0.412,0.356,0.307,0.303,0.564,0.069,0.265,0.118,0.227,0.329,0.072
"GSK3B",0.444,0.328,0.324,0.324,0.481,0.084,0.284,0.104,0.221,0.363,0.08
"PDGFRA",0.507,0.037,0.534,0.366,0.005,0.115,0.026,0.018,0.341,0.347,0.33
"VEGFR2",0.215,0.421,0.348,0.353,0.094,0.498,0.428,0.068,0.456,0.134,0.255
"FGFR1",0.283,0.126,0.209,0.272,0.307,0.348,0.23,0.082,0.535,0.087,0.385
"TIE2",0.35,0.406,0.47,0.261,0.014,0.474,0.463,0.007,0.173,0.422,0.351
"JNK2",0.132,0.023,0.124,0.434,0.062,0.192,0.376,0.29,0.121,0.268,0.392
"BRD2",0.088,0.216,0.331,0.135,0.037,0.16,0.144,0.157,0.407,0.325,0.453
"BRD3",0.104,0.165,0.344,0.112,0.035,0.179,0.156,0.18,0.335,0.229,0.509
"BRD4",0.161,0.061,0.367,0.224,0.026,0.012,0.052,0.041,0.357,0.192,0.431
"BRDT",0.322,0.169,0.282,0.279,0.334,0.098,0.145,0.127,0.162,0.516,0.2
"FNTA",0.551,0.342,0.235,0.231,0.046,0.108,0.144,0.015,0.382,0.287,0.35
"PDK1 (PDPK1)",0.15,0.278,0.393,0.374,0.36,0.115,0.287,0.458,0.056,0.553,0.168
"BCL2",0.349,0.022,0.546,0.435,0.222,0.277,0.132,0.154,0.486,0.113,0.414
"BCL-XL",0.46,0.035,0.52,0.608,0.203,0.354,0.151,0.143,0.499,0.121,0.397
"BCL-W",0.165,0.005,0.524,0.402,0.14,0.302,0.176,0.321,0.12,0.078,0.4
"MCL1",0.293,0.07,0.291,0.459,0.346,0.553,0.567,0.322,0.22,0.047,0.496
"dsDNA break",0.332,0.303,0.31,0.128,0.24,0.536,0.307,0.053,0.491,0.368,0.118
"BTK",0.385,0.01,0.4,0.305,0.322,0.391,0.331,0.332,0.095,0.099,0.299
"HSP90",0.457,0.297,0.163,0.379,0.159,0.116,0.296,0.396,0.293,0.468,0.295
"PDGFRB",0.391,0.13,0.373,0.206,0.016,0.287,0.238,0.025,0.337,0.157,0.195
"IKK2",0.275,0.445,0.24,0.382,0.446,0.04,0.227,0.217,0.139,0.302,0.324
"Amyloid beta20",0.095,0.236,0.492,0.336,0.126,0.32,0.378,0.031,0.364,0.212,0.221
"Amyloid beta40",0.085,0.312,0.451,0.283,0.092,0.326,0.327,0.022,0.341,0.227,0.188
"JAK2",0.378,0.051,0.25,0.181,0.06,0.537,0.246,0.166,0.112,0.135,0.108
"JNK1",0.206,0.254,0.312,0.134,0.046,0.095,0.107,0.325,0.264,0.093,0.301
"CDK6",0.216,0.202,0.418,0.205,0.536,0.263,0.267,0.37,0.384,0.347,0.26
"PI3K (class 1)",0.425,0.062,0.49,0.37,0.057,0.458,0.247,0.317,0.171,0.132,0.177
"PI3Kgamma",0.33,0.461,0.218,0.495,0.171,0.066,0.173,0.34,0.106,0.287,0.503
"RSK",0.47,0.39,0.193,0.444,0.037,0.295,0.415,0.071,0.324,0.177,0.217
"G9a and GLP",0.097,0.332,0.088,0.282,0.101,0.047,0.209,0.316,0.53,0.197,0.453
"FLT4",0.456,0.379,0.529,0.112,0.017,0.398,0.367,0.079,0.171,0.408,0.184
"NTRK2",0.345,0.398,0.392,0.153,0.29,0.083,0.122,0.114,0.136,0.329,0.492
"LTK",0.341,0.271,0.197,0.463,0.034,0.144,0.287,0.041,0.545,0.339,0.102
"TAK1",0.232,0.299,0.189,0.287,0.017,0.014,0.253,0.235,0.437,0.152,0.356
"ERK2",0.102,0.145,0.471,0.426,0.396,0.4,0.441,0.023,0.149,0.302,0.302
"HDAC6",0.33,0.283,0.156,0.178,0.174,0.197,0.209,0.069,0.113,0.551,0.255
"VEGFR1",0.26,0.427,0.321,0.37,0.422,0.498,0.406,0.433,0.445,0.052,0.335
"VEGFR3",0.312,0.405,0.376,0.363,0.405,0.43,0.477,0.542,0.482,0.06,0.286
"MTORC2",0.415,0.159,0.244,0.559,0.378,0.116,0.391,0.228,0.107,0.192,0.313
"PIM3",0.053,0.072,0.295,0.426,0.015,0.517,0.347,0.182,0.07,0.241,0.461
"ALK5",0.173,0.151,0.062,0.561,0.119,0.051,0.064,0.263,0.37,0.271,0.434
"TNKS1",0.348,0.214,0.462,0.432,0.035,0.406,0.465,0.049,0.208,0.478,0.095
"TNKS2",0.415,0.141,0.477,0.342,0.029,0.372,0.442,0.033,0.183,0.435,0.095
"TOP1",0.314,0.152,0.236,0.389,0.436,0.402,0.324,0.472,0.59,0.088,0.228
"Antimetabolite",0.078,0.052,0.472,0.019,0.038,0.176,0.342,0.183,0.252,0.024,0.427
"MEK1",0.008,0.122,0.062,0.568,0.02,0.006,0.05,0.314,0.496,0.619,0.538
"MEK2",0.016,0.128,0.057,0.585,0.021,0.005,0.054,0.318,0.53,0.588,0.499
"PARP1",0.407,0.064,0.472,0.432,0.002,0.2,0.062,0.122,0.184,0.172,0.25
"PARP2",0.451,0.094,0.491,0.527,0.005,0.206,0.072,0.137,0.188,0.22,0.298
"CHEK1",0.173,0.288,0.256,0.31,0.285,0.379,0.509,0.22,0.526,0.085,0.164
"NTRK1",0.213,0.48,0.194,0.334,0.05,0.21,0.349,0.124,0.312,0.228,0.378
"p38",0.507,0.3,0.136,0.296,0.18,0.181,0.053,0.06,0.184,0.397,0.264
"MDM2",0.358,0.232,0.332,0.279,0.136,0.073,0.258,0.093,0.205,0.255,0.025
