"","EGFR","Hypoxia","JAK.STAT","MAPK","NFkB","PI3K","TGFb","TNFa","Trail","VEGF","p53"
"EGFR",0.737454047619048,1,0.863684920634921,1,1,0.737454047619048,1,0.737454047619048,0.863684920634921,0.737454047619048,0.737454047619048
"MTORC1",1,1,1,1,1,1,1,0.730810317460317,1,1,1
"PDGFR",0.581326388888889,1,1,1,1,0.465061111111111,1,1,1,1,1
"KIT",0.750741507936508,1,0.750741507936508,0.750741507936508,1,1,1,1,0.750741507936508,0.750741507936508,1
"VEGFR",1,1,1,1,1,1,1,0.498279761904762,1,1,1
"FLT3",1,0.498279761904762,0.863684920634921,1,0.498279761904762,1,1,0.873175963718821,0.498279761904762,0.873175963718821,0.514889087301587
"RET",0.481670436507937,1,1,0.525961970899471,0.481670436507937,1,1,0.0996559523809524,0.481670436507937,1,0.525961970899471
"CSF1R",0.772333630952381,0.858148478835979,1,0.0664373015873016,1,0.772333630952381,1,0.858148478835979,1,1,0.448451785714286
"MET",1,1,1,1,1,1,1,1,1,1,1
"Proteasome",1,1,1,1,1,1,1,1,1,1,1
"Microtubule stabiliser",1,1,1,1,1,1,1,0.697591666666667,1,1,1
"SMO",1,1,1,1,1,1,1,1,1,1,1
"BRAF",1,1,0.880294246031746,0.880294246031746,0.880294246031746,1,0.880294246031746,1,1,1,1
"AURKA",0.365405158730159,0.642227248677249,1,0.581326388888889,0.711828231292517,1,0.637798095238095,0.166093253968254,0.581326388888889,1,1
"AURKB",0.877921485260771,0.877921485260771,0.282358531746032,1,0.282358531746032,0.877921485260771,1,0.877921485260771,1,1,0.877921485260771
"AURKC",0.143947486772487,0.83711,0.143947486772487,0.83711,0.83711,0.83711,0.83711,0.0664373015873016,0.83711,0.960320995670996,0.390319146825397
"ABL",1,1,0.465061111111111,1,1,0.780638293650794,1,1,1,1,1
"ALK",1,1,1,1,1,1,0.631154365079365,1,1,1,1
"SRC",1,1,1,1,1,1,1,1,1,1,1
"CDK1",0.52319375,0.52319375,1,0.658836574074074,1,1,0.52319375,1,1,0.658836574074074,0.52319375
"CDK2",0.933813183421517,1,0.458417380952381,0.458417380952381,1,0.232530555555556,0.61454503968254,0.132874603174603,0.458417380952381,0.678609580498866,0.751571974206349
"CDK5",0.770672698412698,0.770672698412698,1,0.332186507936508,0.857041190476191,0.857041190476191,0.857041190476191,0.0332186507936508,0.730810317460317,0.857041190476191,0.857041190476191
"CDK7",0.531498412698413,0.531498412698413,0.992868562610229,0,1,0.282358531746032,0.939613265306122,0.287894973544974,0.992868562610229,1,0.531498412698413
"CDK9",0.982322959183673,0.376478042328042,1,0.132874603174603,1,0.132874603174603,0.982322959183673,0.982322959183673,1,0.982322959183673,1
"PKC",1,1,1,1,1,1,1,1,1,1,1
"CDK4",0.498279761904762,0.683355102040816,0.683355102040816,0.683355102040816,0.78986569664903,1,0.683355102040816,0.683355102040816,0.683355102040816,0.78986569664903,1
"LCK",1,1,1,1,1,1,1,0.332186507936508,1,1,1
"BMX",1,1,1,1,0.786174735449735,0.786174735449735,1,0.132874603174603,1,1,1
"PLK1",1,1,1,1,1,1,1,1,1,1,1
"PLK3",1,1,1,1,1,1,1,1,1,1,1
"IGF1R",0.755724305555556,0.984102529761905,0.755724305555556,0.755724305555556,0.984102529761905,1,1,1,0.984102529761905,0.755724305555556,0.984102529761905
"IR",1,1,1,1,1,1,1,1,1,1,1
"MTOR",1,1,1,1,0.531498412698413,0.642227248677249,1,0.199311904761905,1,1,1
"AKT1",0.819393386243386,0.714200992063492,1,0.963340873015873,0.963340873015873,1,0.963340873015873,1,0.714200992063492,1,1
"AKT2",0.982322959183673,0.982322959183673,1,0.982322959183673,0.982322959183673,0.982322959183673,0.982322959183673,1,0.982322959183673,1,1
"AKT3",1,0.887412528344671,1,0.564717063492064,0.692055224867725,0.315577182539683,1,0.132874603174603,0.354332275132275,1,0.564717063492064
"HDAC1",0.813856944444445,1,1,1,1,1,1,1,0.813856944444445,1,1
"IKK",1,1,1,1,1,1,1,1,1,1,1
"PI3Kbeta",1,1,1,1,1,1,1,1,1,1,1
"ERK5",1,1,1,1,0.332186507936508,1,1,0.714200992063492,1,1,1
"ERBB2",0.0996559523809524,1,0.764028968253968,1,0.764028968253968,1,1,0.0996559523809524,0.210384788359788,0.780638293650794,1
"ROCK1",1,1,1,1,1,1,1,0.43184246031746,1,1,1
"ROCK2",1,0.956697142857143,0.43184246031746,0.43184246031746,1,0.43184246031746,1,0,1,1,1
"DNA crosslinker",0.357100496031746,1,1,1,0.357100496031746,0.357100496031746,1,0.357100496031746,1,1,1
"Microtubule destabiliser",1,1,1,1,1,1,1,0.465061111111111,1,1,1
"AR",1,1,1,1,1,1,1,1,1,1,1
"ATM",1,1,1,1,1,1,1,1,1,1,1
"FLT1",1,1,1,1,1,1,1,1,1,1,1
"GSK3A",0.92181755952381,1,0.863684920634921,1,1,1,0.92181755952381,1,0.863684920634921,1,1
"GSK3B",1,1,0.775101851851852,1,1,1,1,0.775101851851852,0.775101851851852,1,1
"PDGFRA",1,0.959188541666667,0.624510634920635,1,0.465061111111111,0.581326388888889,1,0.465061111111111,0.959188541666667,0.959188541666667,0.465061111111111
"VEGFR2",1,1,1,1,1,1,1,1,1,1,1
"FGFR1",0.730810317460317,1,1,1,1,1,1,1,1,1,1
"TIE2",1,1,0.597935714285714,1,0.597935714285714,1,0.810535079365079,0.810535079365079,1,0.810535079365079,1
"JNK2",0.531498412698413,0.418555,1,0.406928472222222,0.406928472222222,0.365405158730159,1,0.0332186507936508,0.476133994708995,1,1
"BRD2",1,1,1,1,1,1,1,1,1,1,1
"BRD3",1,1,1,1,1,1,1,1,1,1,1
"BRD4",1,1,1,0.249139880952381,1,1,1,0.0664373015873016,1,1,1
"BRDT",1,1,1,1,1,1,1,1,1,1,1
"FNTA",1,1,1,1,1,0.531498412698413,1,0.542571296296296,0.542571296296296,1,1
"PDK1 (PDPK1)",1,1,1,1,1,1,1,1,1,1,1
"BCL2",1,1,1,1,1,1,1,1,1,1,1
"BCL-XL",1,1,1,1,1,1,1,1,1,1,1
"BCL-W",0.988254861111111,0.988254861111111,0.988254861111111,0.988254861111111,0.988254861111111,0.988254861111111,1,1,1,0.988254861111111,0.988254861111111
"MCL1",1,1,1,1,1,0.813856944444445,1,1,1,1,0.813856944444445
"dsDNA break",1,1,0.564717063492064,1,1,1,1,1,1,0.564717063492064,1
"BTK",0.812011463844797,1,0.812011463844797,0.473365773809524,1,0.310040740740741,0.725273875661376,0.132874603174603,0.310040740740741,0.725273875661376,0.812011463844797
"HSP90",1,1,1,1,1,1,1,1,1,1,1
"PDGFRB",1,0.98548664021164,0.98548664021164,1,0.98548664021164,1,1,0.98548664021164,0.98548664021164,1,0.98548664021164
"IKK2",1,0.548107738095238,1,0.548107738095238,0.548107738095238,0.0332186507936508,1,1,1,1,1
"Amyloid beta20",1,1,1,1,1,1,1,1,1,1,1
"Amyloid beta40",1,1,1,1,1,1,1,1,1,1,1
"JAK2",0.474552154195011,0.226994113756614,0.952267989417989,0.0863684920634921,0.0863684920634921,0.0863684920634921,0.701743998015873,0.0332186507936508,1,1,0.0332186507936508
"JNK1",1,1,0.941195105820106,1,0.941195105820106,0.941195105820106,0.941195105820106,0.531498412698413,0.941195105820106,1,1
"CDK6",0.778265532879819,0.581326388888889,0.415233134920635,1,0.883616111111111,0.883616111111111,0.415233134920635,0.778265532879819,0.778265532879819,0.476133994708995,0.883616111111111
"PI3K (class 1)",1,1,1,1,1,1,1,1,1,1,1
"PI3Kgamma",0.996559523809524,0.780638293650794,0.780638293650794,0.780638293650794,1,0.780638293650794,0.83521179138322,0.780638293650794,0.780638293650794,1,1
"RSK",1,1,1,1,1,1,1,1,1,1,1
"G9a and GLP",1,1,1,1,1,1,0.415233134920635,1,1,0.415233134920635,1
"FLT4",1,1,1,1,1,1,1,1,1,1,1
"NTRK2",0.963340873015873,0.755724305555556,0.730810317460317,0.514889087301587,0.514889087301587,0.61454503968254,0.61454503968254,0.514889087301587,1,1,0.514889087301587
"LTK",1,1,1,1,1,1,1,1,1,1,1
"TAK1",1,1,1,1,1,1,1,1,1,1,1
"ERK2",1,1,0.797247619047619,1,0.132874603174603,0.790603888888889,0.790603888888889,0.182702579365079,0.790603888888889,1,1
"HDAC6",1,1,1,0.39862380952381,1,0.39862380952381,1,1,1,1,0.797247619047619
"VEGFR1",0.996559523809524,1,1,1,1,0.996559523809524,1,1,1,1,1
"VEGFR3",0.777316428571429,1,1,1,0.777316428571429,0.777316428571429,1,0.777316428571429,0.777316428571429,1,1
"MTORC2",0.265749206349206,0.9448860670194,0.470597552910053,0.265749206349206,0.96636075036075,0.265749206349206,0.96636075036075,0.593783382936508,0.593783382936508,0.470597552910053,0.265749206349206
"PIM3",0.287894973544974,0.393087367724868,1,0.0664373015873016,1,0.287894973544974,0.747419642857143,0.385336349206349,0.385336349206349,1,0.747419642857143
"ALK5",0.946731547619048,1,1,1,0.946731547619048,1,0.946731547619048,0.298967857142857,1,1,1
"TNKS1",1,0.365405158730159,1,1,1,1,0.448451785714286,0.453988227513228,1,1,1
"TNKS2",0.919049338624339,0.548107738095238,0.975797867063492,1,0.919049338624339,1,0.548107738095238,0.597935714285714,0.919049338624339,0.975797867063492,1
"TOP1",0.780638293650794,1,1,1,0.780638293650794,1,1,1,1,1,1
"Antimetabolite",1,0.936765952380952,1,0.936765952380952,1,1,0.936765952380952,1,0.936765952380952,0.936765952380952,1
"MEK1",0.0664373015873016,0.531498412698413,1,0.531498412698413,1,1,0.564717063492064,0.783960158730159,1,1,1
"MEK2",0.0332186507936508,0.61454503968254,1,0.61454503968254,1,1,0.61454503968254,0.637798095238095,1,1,1
"PARP1",0.132874603174603,1,1,0.166093253968254,0.265749206349206,1,1,0.340491170634921,1,1,1
"PARP2",0.0332186507936508,1,1,0.0996559523809524,0.143947486772487,1,1,0.191007242063492,1,1,1
"CHEK1",1,1,0.55364417989418,0.55364417989418,1,0.39862380952381,0.55364417989418,0.39862380952381,0.55364417989418,1,1
"NTRK1",0.882667006802721,0.882667006802721,1,0.321113624338624,0.810535079365079,0.810535079365079,1,0.0332186507936508,0.249139880952381,1,1
"p38",1,1,1,1,1,1,1,1,1,1,1
"MDM2",0.221457671957672,1,0.744097777777778,1,0.221457671957672,1,1,0.323881845238095,1,1,0.0996559523809524
