"","EGFR","Hypoxia","JAK.STAT","MAPK","NFkB","PI3K","TGFb","TNFa","Trail","VEGF","p53"
"EGFR",0.038,0.267,0.182,0.308,0.423,0.048,0.406,0.111,0.176,0.106,0.07
"MTORC1",0.173,0.461,0.289,0.089,0.167,0.429,0.393,0.022,0.093,0.462,0.443
"PDGFR",0.035,0.417,0.181,0.492,0.301,0.014,0.271,0.347,0.125,0.561,0.456
"KIT",0.064,0.335,0.057,0.095,0.463,0.364,0.448,0.389,0.088,0.113,0.306
"VEGFR",0.096,0.418,0.29,0.405,0.346,0.21,0.323,0.015,0.076,0.375,0.487
"FLT3",0.365,0.029,0.13,0.307,0.043,0.265,0.298,0.167,0.045,0.184,0.062
"RET",0.056,0.37,0.502,0.095,0.058,0.33,0.458,0.003,0.032,0.47,0.08
"CSF1R",0.089,0.155,0.372,0.002,0.379,0.093,0.574,0.144,0.274,0.583,0.027
"MET",0.333,0.495,0.152,0.415,0.168,0.126,0.316,0.046,0.229,0.325,0.495
"Proteasome",0.106,0.328,0.334,0.358,0.43,0.145,0.377,0.42,0.261,0.228,0.093
"Microtubule stabiliser",0.349,0.399,0.378,0.265,0.182,0.163,0.456,0.021,0.235,0.342,0.37
"SMO",0.178,0.395,0.352,0.245,0.133,0.268,0.525,0.332,0.515,0.408,0.402
"BRAF",0.509,0.34,0.049,0.102,0.106,0.636,0.102,0.244,0.292,0.305,0.55
"AURKA",0.022,0.116,0.275,0.07,0.15,0.335,0.096,0.005,0.054,0.312,0.347
"AURKB",0.185,0.151,0.011,0.348,0.017,0.184,0.251,0.099,0.432,0.405,0.147
"AURKC",0.013,0.237,0.01,0.184,0.174,0.252,0.128,0.002,0.222,0.318,0.047
"ABL",0.617,0.244,0.014,0.208,0.163,0.047,0.141,0.45,0.216,0.478,0.146
"ALK",0.584,0.393,0.133,0.386,0.24,0.115,0.019,0.216,0.195,0.317,0.136
"SRC",0.232,0.169,0.3,0.476,0.58,0.275,0.143,0.089,0.29,0.138,0.294
"CDK1",0.04,0.059,0.365,0.105,0.339,0.327,0.047,0.415,0.448,0.119,0.063
"CDK2",0.253,0.418,0.061,0.051,0.4,0.014,0.111,0.004,0.069,0.143,0.181
"CDK5",0.116,0.104,0.399,0.02,0.202,0.242,0.258,0.001,0.066,0.207,0.16
"CDK7",0.095,0.076,0.254,0,0.395,0.017,0.198,0.026,0.269,0.402,0.096
"CDK9",0.166,0.034,0.382,0.005,0.388,0.008,0.207,0.139,0.48,0.2,0.554
"PKC",0.39,0.36,0.245,0.189,0.15,0.093,0.329,0.465,0.294,0.257,0.161
"CDK4",0.015,0.11,0.065,0.105,0.209,0.527,0.144,0.091,0.136,0.214,0.358
"LCK",0.603,0.554,0.32,0.226,0.383,0.236,0.086,0.01,0.101,0.341,0.291
"BMX",0.43,0.489,0.342,0.277,0.071,0.068,0.153,0.004,0.195,0.356,0.15
"PLK1",0.111,0.288,0.293,0.405,0.467,0.118,0.319,0.356,0.294,0.146,0.05
"PLK3",0.331,0.352,0.145,0.188,0.062,0.217,0.361,0.254,0.467,0.114,0.033
"IGF1R",0.091,0.2,0.059,0.067,0.237,0.277,0.336,0.462,0.224,0.075,0.212
"IR",0.12,0.162,0.51,0.141,0.276,0.329,0.424,0.081,0.325,0.085,0.418
"MTOR",0.203,0.341,0.239,0.421,0.032,0.058,0.342,0.006,0.184,0.523,0.276
"AKT1",0.074,0.043,0.415,0.158,0.174,0.215,0.146,0.318,0.04,0.407,0.314
"AKT2",0.093,0.033,0.508,0.207,0.181,0.169,0.155,0.597,0.061,0.372,0.469
"AKT3",0.465,0.187,0.455,0.082,0.125,0.019,0.268,0.004,0.032,0.397,0.085
"HDAC1",0.049,0.219,0.414,0.459,0.131,0.335,0.381,0.205,0.031,0.355,0.149
"IKK",0.381,0.492,0.04,0.124,0.231,0.229,0.293,0.143,0.17,0.487,0.231
"PI3Kbeta",0.349,0.327,0.461,0.391,0.267,0.468,0.067,0.435,0.476,0.114,0.265
"ERK5",0.415,0.473,0.128,0.33,0.01,0.236,0.189,0.043,0.394,0.355,0.361
"ERBB2",0.006,0.362,0.115,0.26,0.101,0.307,0.414,0.004,0.019,0.141,0.409
"ROCK1",0.658,0.098,0.519,0.213,0.562,0.421,0.369,0.013,0.551,0.194,0.241
"ROCK2",0.229,0.144,0.052,0.047,0.517,0.037,0.433,0,0.265,0.394,0.295
"DNA crosslinker",0.032,0.289,0.168,0.261,0.042,0.012,0.29,0.043,0.19,0.392,0.479
"Microtubule destabiliser",0.189,0.234,0.396,0.212,0.134,0.161,0.376,0.014,0.198,0.362,0.527
"AR",0.186,0.398,0.332,0.189,0.482,0.392,0.451,0.071,0.077,0.145,0.44
"ATM",0.179,0.623,0.263,0.412,0.333,0.207,0.07,0.506,0.291,0.475,0.325
"FLT1",0.139,0.061,0.492,0.358,0.27,0.361,0.428,0.145,0.32,0.473,0.182
"GSK3A",0.111,0.598,0.046,0.286,0.365,0.375,0.1,0.18,0.052,0.42,0.573
"GSK3B",0.167,0.434,0.06,0.374,0.28,0.384,0.123,0.07,0.054,0.326,0.558
"PDGFRA",0.46,0.231,0.094,0.381,0.036,0.07,0.412,0.042,0.19,0.216,0.02
"VEGFR2",0.233,0.305,0.24,0.303,0.397,0.316,0.076,0.369,0.425,0.136,0.476
"FGFR1",0.022,0.201,0.497,0.092,0.143,0.376,0.184,0.251,0.393,0.242,0.161
"TIE2",0.352,0.391,0.021,0.337,0.036,0.263,0.091,0.119,0.413,0.122,0.271
"JNK2",0.112,0.063,0.431,0.037,0.049,0.022,0.393,0.001,0.086,0.502,0.246
"BRD2",0.167,0.268,0.371,0.292,0.455,0.271,0.422,0.097,0.428,0.284,0.45
"BRD3",0.184,0.256,0.258,0.233,0.478,0.324,0.262,0.108,0.435,0.348,0.452
"BRD4",0.379,0.164,0.242,0.015,0.128,0.101,0.309,0.002,0.38,0.451,0.261
"BRDT",0.351,0.526,0.253,0.521,0.397,0.259,0.268,0.213,0.165,0.075,0.492
"FNTA",0.269,0.286,0.38,0.281,0.49,0.016,0.227,0.049,0.048,0.361,0.259
"PDK1 (PDPK1)",0.063,0.355,0.229,0.159,0.466,0.205,0.308,0.454,0.272,0.049,0.43
"BCL2",0.112,0.403,0.446,0.044,0.281,0.253,0.415,0.401,0.416,0.098,0.531
"BCL-XL",0.121,0.355,0.419,0.066,0.283,0.227,0.365,0.567,0.433,0.088,0.411
"BCL-W",0.219,0.17,0.064,0.112,0.238,0.071,0.437,0.481,0.317,0.189,0.157
"MCL1",0.459,0.375,0.299,0.241,0.31,0.049,0.245,0.358,0.504,0.112,0.04
"dsDNA break",0.36,0.218,0.024,0.428,0.321,0.414,0.165,0.311,0.39,0.034,0.349
"BTK",0.22,0.317,0.211,0.057,0.379,0.028,0.131,0.004,0.027,0.127,0.204
"HSP90",0.201,0.053,0.128,0.253,0.484,0.662,0.112,0.1,0.235,0.283,0.151
"PDGFRB",0.527,0.147,0.126,0.217,0.178,0.43,0.336,0.169,0.162,0.313,0.102
"IKK2",0.284,0.052,0.464,0.044,0.066,0.001,0.341,0.341,0.453,0.52,0.162
"Amyloid beta20",0.5,0.363,0.429,0.455,0.135,0.115,0.232,0.223,0.26,0.372,0.129
"Amyloid beta40",0.415,0.262,0.398,0.233,0.163,0.227,0.292,0.372,0.264,0.347,0.128
"JAK2",0.1,0.041,0.258,0.012,0.013,0.01,0.169,0.002,0.338,0.51,0.001
"JNK1",0.463,0.272,0.093,0.302,0.133,0.158,0.17,0.016,0.124,0.255,0.327
"CDK6",0.136,0.07,0.025,0.488,0.244,0.247,0.015,0.164,0.145,0.043,0.266
"PI3K (class 1)",0.342,0.435,0.459,0.252,0.497,0.105,0.06,0.268,0.459,0.191,0.143
"PI3Kgamma",0.24,0.104,0.064,0.095,0.42,0.141,0.176,0.041,0.12,0.333,0.398
"RSK",0.114,0.283,0.125,0.137,0.104,0.288,0.32,0.323,0.416,0.44,0.265
"G9a and GLP",0.324,0.529,0.397,0.172,0.127,0.36,0.025,0.489,0.373,0.02,0.54
"FLT4",0.256,0.488,0.179,0.235,0.105,0.406,0.187,0.067,0.135,0.474,0.438
"NTRK2",0.261,0.182,0.154,0.058,0.038,0.111,0.095,0.034,0.467,0.442,0.062
"LTK",0.169,0.309,0.437,0.161,0.436,0.089,0.351,0.463,0.351,0.266,0.351
"TAK1",0.139,0.58,0.145,0.443,0.191,0.065,0.452,0.204,0.312,0.128,0.247
"ERK2",0.322,0.287,0.144,0.398,0.004,0.119,0.102,0.011,0.108,0.513,0.271
"HDAC6",0.24,0.199,0.501,0.021,0.44,0.024,0.385,0.249,0.238,0.324,0.072
"VEGFR1",0.042,0.451,0.376,0.303,0.174,0.06,0.494,0.418,0.098,0.417,0.298
"VEGFR3",0.085,0.435,0.356,0.399,0.039,0.091,0.522,0.101,0.117,0.574,0.422
"MTORC2",0.029,0.256,0.085,0.012,0.298,0.022,0.32,0.143,0.136,0.075,0.032
"PIM3",0.024,0.071,0.385,0.002,0.51,0.026,0.18,0.058,0.055,0.397,0.175
"ALK5",0.114,0.251,0.347,0.454,0.11,0.442,0.059,0.009,0.215,0.16,0.298
"TNKS1",0.152,0.011,0.281,0.256,0.165,0.39,0.027,0.041,0.191,0.234,0.351
"TNKS2",0.163,0.03,0.235,0.282,0.141,0.325,0.033,0.054,0.166,0.215,0.369
"TOP1",0.047,0.32,0.211,0.35,0.032,0.092,0.396,0.247,0.514,0.308,0.144
"Antimetabolite",0.199,0.117,0.432,0.129,0.568,0.315,0.135,0.483,0.031,0.141,0.246
"MEK1",0.002,0.035,0.234,0.048,0.321,0.555,0.068,0.118,0.325,0.312,0.345
"MEK2",0.001,0.045,0.192,0.068,0.27,0.336,0.074,0.096,0.3,0.296,0.363
"PARP1",0.004,0.283,0.317,0.01,0.024,0.282,0.243,0.041,0.421,0.351,0.157
"PARP2",0.001,0.256,0.336,0.006,0.013,0.336,0.208,0.023,0.437,0.411,0.166
"CHEK1",0.434,0.381,0.1,0.075,0.364,0.024,0.091,0.022,0.074,0.303,0.32
"NTRK1",0.167,0.186,0.302,0.029,0.122,0.111,0.403,0.001,0.015,0.291,0.301
"p38",0.056,0.408,0.495,0.08,0.486,0.356,0.496,0.282,0.177,0.425,0.241
"MDM2",0.014,0.234,0.112,0.293,0.02,0.557,0.4,0.039,0.19,0.367,0.003
