"","EGFR","Hypoxia","JAK.STAT","MAPK","NFkB","PI3K","TGFb","TNFa","Trail","VEGF","p53"
"EGFR",0.448451785714286,0.448451785714286,0.448451785714286,0.448451785714286,0.70866455026455,0.70866455026455,1,0.764028968253968,0.941195105820106,0.930122222222222,1
"MTORC1",1,1,1,1,1,1,1,1,1,1,1
"PDGFR",1,1,1,1,1,1,1,1,1,1,1
"KIT",0.182702579365079,1,1,0.0996559523809524,1,0.885830687830688,1,1,1,1,1
"VEGFR",0.896903571428571,1,1,1,1,1,1,1,1,1,1
"FLT3",1,1,1,0.714200992063492,1,1,1,1,1,0.714200992063492,1
"RET",0.132874603174603,1,1,0.298967857142857,1,0.321113624338624,1,1,1,1,1
"CSF1R",1,1,1,1,0.896903571428571,1,1,0.43184246031746,1,1,1
"MET",1,1,1,1,1,1,1,1,1,1,1
"Proteasome",1,1,1,1,1,1,1,1,1,1,1
"Microtubule stabiliser",1,1,1,1,1,1,1,1,1,1,1
"SMO",1,1,1,1,1,1,1,1,1,1,1
"BRAF",1,1,1,1,1,1,1,1,1,1,1
"AURKA",0.514889087301587,0.514889087301587,1,1,1,1,1,1,1,0.741883201058201,1
"AURKB",1,1,1,1,1,1,1,1,1,1,1
"AURKC",1,1,1,1,1,1,1,1,1,1,1
"ABL",1,1,1,1,1,1,1,1,1,1,1
"ALK",1,1,1,1,1,1,1,1,1,1,1
"SRC",0.907976455026455,1,1,0.199311904761905,1,1,1,0.907976455026455,1,1,1
"CDK1",1,1,1,1,1,1,1,1,1,1,1
"CDK2",0.531498412698413,0.70866455026455,1,0.838770932539683,0.838770932539683,0.838770932539683,0.838770932539683,0.70866455026455,0.838770932539683,1,1
"CDK5",1,1,1,1,1,1,1,0.697591666666667,1,1,1
"CDK7",1,1,1,1,0.896903571428571,1,1,1,1,1,1
"CDK9",1,1,1,1,0.415233134920635,1,1,0.0664373015873016,1,1,1
"PKC",1,1,1,1,1,1,1,1,1,1,1
"CDK4",0.730810317460317,1,1,1,1,0.730810317460317,1,1,1,1,1
"LCK",1,1,1,1,1,1,1,1,1,1,1
"BMX",0.177166137566138,1,1,0.177166137566138,0.177166137566138,1,1,1,1,1,1
"PLK1",1,1,1,1,1,1,1,1,1,1,1
"PLK3",0.664373015873016,1,1,0.664373015873016,0.199311904761905,1,1,0.956697142857143,0.664373015873016,1,1
"IGF1R",0.719737433862434,1,1,1,1,1,1,0.719737433862434,0.719737433862434,1,1
"IR",1,1,1,1,1,1,1,1,1,1,1
"MTOR",0.900594532627866,0.900594532627866,1,0.805552281746032,0.805552281746032,0.900594532627866,0.900594532627866,0.39862380952381,0.805552281746032,1,0.900594532627866
"AKT1",0.132874603174603,0.647763690476191,1,1,1,1,1,1,1,1,1
"AKT2",0.199311904761905,0.714200992063492,1,0.885830687830688,1,1,1,1,1,1,1
"AKT3",0.423537797619048,0.551429603174603,1,1,0.232530555555556,0.423537797619048,1,0.0996559523809524,0.791711177248677,1,1
"HDAC1",1,1,1,1,0,1,1,0,1,1,1
"IKK",1,0.996559523809524,1,1,1,1,1,1,1,1,1
"PI3Kbeta",1,0.863684920634921,0.764028968253968,0.974413756613757,0.332186507936508,1,1,0.974413756613757,0.764028968253968,1,1
"ERK5",0.332186507936508,1,1,0.664373015873016,0.780638293650794,1,1,1,0.780638293650794,1,1
"ERBB2",1,1,1,1,1,1,1,1,1,1,1
"ROCK1",0.911140136054422,1,0.911140136054422,0.911140136054422,0.911140136054422,1,1,0.664373015873016,1,0.911140136054422,0.911140136054422
"ROCK2",0.382014484126984,0.83711,1,0.382014484126984,1,1,1,0.83711,1,1,0.83711
"DNA crosslinker",1,1,1,1,1,1,1,1,1,1,1
"Microtubule destabiliser",1,1,1,1,1,1,1,1,1,1,1
"AR",1,1,1,0.465061111111111,0.780638293650794,1,1,1,1,1,1
"ATM",1,1,1,1,1,0.132874603174603,1,1,1,1,1
"FLT1",1,1,1,1,0.132874603174603,1,1,0.0332186507936508,1,1,1
"GSK3A",1,1,1,1,1,1,1,1,1,1,1
"GSK3B",1,1,1,1,1,1,1,1,1,1,1
"PDGFRA",0.0332186507936508,1,1,0.0332186507936508,0.73911498015873,0.73911498015873,1,1,1,1,1
"VEGFR2",1,1,1,1,0.415233134920635,1,1,0.415233134920635,1,1,1
"FGFR1",1,1,1,1,1,1,1,1,1,1,1
"TIE2",0.620081481481481,1,1,0.620081481481481,0.822161607142857,1,1,0.132874603174603,1,1,1
"JNK2",0.440147123015873,1,1,1,0.930122222222222,0.440147123015873,1,0.440147123015873,1,0.440147123015873,1
"BRD2",0.913512896825397,1,0.913512896825397,0.913512896825397,0.913512896825397,1,1,1,0.913512896825397,1,0.913512896825397
"BRD3",1,1,1,1,1,1,1,1,1,1,1
"BRD4",0.0664373015873016,1,1,0,1,1,1,1,1,1,1
"BRDT",0.870328650793651,0.870328650793651,0.870328650793651,0.870328650793651,0.298967857142857,0.870328650793651,0.870328650793651,0.870328650793651,0.813856944444445,0.870328650793651,1
"FNTA",1,1,1,1,1,1,1,1,1,1,1
"PDK1 (PDPK1)",1,1,1,1,1,1,1,1,1,1,1
"BCL2",1,1,1,1,1,1,1,1,1,1,1
"BCL-XL",1,1,1,1,1,1,1,1,1,1,1
"BCL-W",1,1,1,0.631154365079365,1,1,1,1,1,1,1
"MCL1",1,1,1,1,1,1,1,1,1,1,1
"dsDNA break",1,1,1,1,1,1,1,1,1,1,1
"BTK",0.420769576719577,0.991814002267574,0.991814002267574,0.420769576719577,0.265749206349206,1,1,0.489975099206349,1,1,0.991814002267574
"HSP90",1,1,1,1,1,1,1,1,1,1,1
"PDGFRB",0.12180171957672,0.636690806878307,1,0.12180171957672,0.636690806878307,1,1,0.12180171957672,1,1,0.636690806878307
"IKK2",0.874757804232804,1,1,0.874757804232804,1,1,1,1,0.874757804232804,1,1
"Amyloid beta20",1,1,1,1,1,1,1,1,0.697591666666667,0.697591666666667,1
"Amyloid beta40",1,1,1,1,1,1,1,1,0.847075595238095,0.847075595238095,1
"JAK2",0.0664373015873016,1,1,0.0996559523809524,1,1,1,0.514889087301587,0.514889087301587,0.83711,1
"JNK1",0.420769576719577,0.991023082010582,1,1,0.770672698412698,0.298967857142857,1,0.298967857142857,1,1,0.770672698412698
"CDK6",0.465061111111111,1,1,0.465061111111111,1,0.465061111111111,1,1,1,1,1
"PI3K (class 1)",0.819393386243386,0.819393386243386,0.819393386243386,1,0.819393386243386,1,1,0.819393386243386,1,1,0.819393386243386
"PI3Kgamma",1,1,1,1,0.298967857142857,0.974413756613757,1,0.974413756613757,1,1,1
"RSK",1,1,1,1,1,1,1,1,1,1,1
"G9a and GLP",1,1,1,1,1,1,1,1,1,1,1
"FLT4",1,1,1,1,1,1,1,1,1,1,1
"NTRK2",0.911140136054422,0.911140136054422,0.911140136054422,1,0.911140136054422,0.946731547619048,1,0.911140136054422,0.911140136054422,0.911140136054422,1
"LTK",1,1,1,1,1,1,1,1,1,1,1
"TAK1",0.132874603174603,1,1,0.43184246031746,0.387550925925926,0.387550925925926,1,0.863684920634921,1,0.684304206349206,1
"ERK2",0.199311904761905,1,1,0.232530555555556,0.491636031746032,0.491636031746032,1,1,0.487206878306878,1,1
"HDAC6",0.55364417989418,0.98548664021164,1,1,0.531498412698413,0.777316428571429,1,0.777316428571429,1,0.55364417989418,1
"VEGFR1",1,1,1,1,1,1,1,1,1,1,1
"VEGFR3",1,1,1,1,1,1,1,1,1,1,1
"MTORC2",0.968877314814815,1,0.968877314814815,0.83046626984127,1,0.968877314814815,1,1,1,0.968877314814815,0.968877314814815
"PIM3",0.640645408163265,0.640645408163265,1,0.640645408163265,0.640645408163265,0.640645408163265,1,0.640645408163265,1,0.640645408163265,1
"ALK5",1,1,1,1,1,1,1,1,1,1,1
"TNKS1",0.710879126984127,1,0.710879126984127,0.710879126984127,0.710879126984127,0.797247619047619,0.797247619047619,0.710879126984127,0.719737433862434,0.996559523809524,1
"TNKS2",0.772333630952381,1,0.476133994708995,0.772333630952381,0.476133994708995,0.772333630952381,0.772333630952381,0.476133994708995,0.772333630952381,0.882139726631393,1
"TOP1",1,1,1,1,1,1,1,1,1,1,1
"Antimetabolite",1,1,1,1,1,1,1,1,1,1,1
"MEK1",0,1,1,0.166093253968254,0.896903571428572,0.653300132275132,1,0.896903571428572,1,1,1
"MEK2",0,1,1,0.166093253968254,1,0.764028968253968,1,1,1,1,1
"PARP1",0.858148478835979,1,1,0.132874603174603,1,0.797247619047619,0.858148478835979,0.858148478835979,1,1,0.697591666666667
"PARP2",0.737454047619048,1,1,0.0996559523809524,1,0.737454047619048,0.858148478835979,0.737454047619048,1,1,0.737454047619048
"CHEK1",0.116265277777778,0.116265277777778,0.870328650793651,0.870328650793651,0.870328650793651,0.870328650793651,1,0.870328650793651,0.870328650793651,0.870328650793651,0.870328650793651
"NTRK1",1,1,1,1,1,1,1,1,1,1,1
"p38",1,1,1,1,0.354332275132275,1,1,0.354332275132275,1,0.354332275132275,1
"MDM2",1,0.704235396825397,1,0.704235396825397,0.704235396825397,0.704235396825397,1,1,0.704235396825397,1,1
