"","EGFR","Hypoxia","JAK.STAT","MAPK","NFkB","PI3K","TGFb","TNFa","Trail","VEGF","p53"
"EGFR",0.014,0.054,0.032,0.05,0.116,0.128,0.555,0.161,0.255,0.224,0.534
"MTORC1",0.346,0.318,0.055,0.109,0.201,0.104,0.49,0.373,0.347,0.13,0.307
"PDGFR",0.309,0.357,0.202,0.246,0.476,0.475,0.289,0.596,0.423,0.234,0.406
"KIT",0.011,0.279,0.229,0.003,0.457,0.08,0.427,0.189,0.297,0.333,0.327
"VEGFR",0.027,0.289,0.263,0.257,0.434,0.246,0.404,0.403,0.294,0.088,0.461
"FLT3",0.109,0.145,0.276,0.03,0.289,0.427,0.362,0.349,0.296,0.043,0.496
"RET",0.004,0.371,0.346,0.018,0.167,0.029,0.476,0.251,0.121,0.305,0.407
"CSF1R",0.266,0.302,0.553,0.535,0.054,0.604,0.414,0.013,0.582,0.218,0.183
"MET",0.113,0.397,0.409,0.429,0.192,0.448,0.232,0.195,0.24,0.488,0.296
"Proteasome",0.456,0.334,0.318,0.316,0.196,0.392,0.444,0.302,0.355,0.363,0.3
"Microtubule stabiliser",0.255,0.268,0.27,0.363,0.36,0.399,0.532,0.29,0.272,0.516,0.372
"SMO",0.28,0.536,0.129,0.202,0.094,0.381,0.425,0.166,0.224,0.245,0.399
"BRAF",0.275,0.556,0.283,0.322,0.362,0.078,0.232,0.275,0.222,0.232,0.237
"AURKA",0.022,0.031,0.198,0.39,0.406,0.337,0.322,0.17,0.124,0.067,0.378
"AURKB",0.156,0.177,0.354,0.225,0.358,0.171,0.324,0.206,0.042,0.216,0.252
"AURKC",0.307,0.358,0.413,0.474,0.166,0.424,0.318,0.346,0.097,0.357,0.316
"ABL",0.402,0.062,0.058,0.408,0.456,0.145,0.202,0.469,0.129,0.35,0.428
"ALK",0.135,0.331,0.477,0.236,0.469,0.163,0.525,0.347,0.126,0.349,0.377
"SRC",0.082,0.309,0.474,0.006,0.36,0.45,0.449,0.064,0.194,0.259,0.225
"CDK1",0.439,0.294,0.171,0.437,0.086,0.195,0.128,0.403,0.391,0.172,0.326
"CDK2",0.016,0.064,0.361,0.182,0.202,0.104,0.163,0.047,0.147,0.489,0.311
"CDK5",0.189,0.296,0.471,0.272,0.371,0.425,0.247,0.021,0.191,0.243,0.421
"CDK7",0.465,0.158,0.456,0.287,0.027,0.333,0.225,0.118,0.157,0.563,0.296
"CDK9",0.498,0.285,0.404,0.248,0.025,0.25,0.242,0.002,0.347,0.338,0.299
"PKC",0.234,0.271,0.083,0.34,0.195,0.343,0.538,0.23,0.327,0.253,0.437
"CDK4",0.031,0.214,0.404,0.099,0.458,0.044,0.29,0.573,0.562,0.35,0.204
"LCK",0.219,0.424,0.097,0.228,0.045,0.411,0.41,0.061,0.271,0.378,0.499
"BMX",0.011,0.368,0.201,0.016,0.013,0.369,0.433,0.126,0.253,0.365,0.497
"PLK1",0.498,0.322,0.204,0.213,0.629,0.287,0.429,0.438,0.423,0.379,0.341
"PLK3",0.08,0.356,0.36,0.047,0.006,0.403,0.22,0.144,0.068,0.448,0.383
"IGF1R",0.042,0.336,0.252,0.438,0.187,0.149,0.45,0.065,0.053,0.22,0.299
"IR",0.38,0.235,0.352,0.342,0.187,0.297,0.422,0.058,0.305,0.232,0.337
"MTOR",0.169,0.215,0.517,0.096,0.068,0.234,0.244,0.012,0.097,0.378,0.152
"AKT1",0.004,0.039,0.488,0.101,0.403,0.268,0.278,0.228,0.237,0.347,0.242
"AKT2",0.006,0.043,0.527,0.08,0.434,0.343,0.244,0.322,0.285,0.4,0.316
"AKT3",0.043,0.083,0.496,0.488,0.014,0.051,0.287,0.003,0.143,0.298,0.486
"HDAC1",0.354,0.329,0.58,0.368,0,0.411,0.494,0,0.333,0.301,0.236
"IKK",0.354,0.03,0.417,0.095,0.356,0.23,0.482,0.21,0.143,0.331,0.285
"PI3Kbeta",0.357,0.104,0.069,0.174,0.01,0.343,0.332,0.176,0.052,0.344,0.52
"ERK5",0.01,0.416,0.359,0.04,0.094,0.184,0.314,0.38,0.081,0.381,0.452
"ERBB2",0.19,0.459,0.077,0.319,0.102,0.113,0.447,0.454,0.44,0.127,0.304
"ROCK1",0.168,0.507,0.12,0.128,0.173,0.334,0.241,0.02,0.366,0.192,0.101
"ROCK2",0.019,0.126,0.307,0.023,0.388,0.583,0.582,0.102,0.416,0.528,0.088
"DNA crosslinker",0.44,0.215,0.357,0.31,0.362,0.483,0.373,0.402,0.294,0.447,0.33
"Microtubule destabiliser",0.242,0.136,0.158,0.442,0.041,0.351,0.357,0.097,0.104,0.316,0.309
"AR",0.136,0.283,0.559,0.014,0.047,0.242,0.342,0.317,0.27,0.144,0.276
"ATM",0.167,0.329,0.325,0.475,0.427,0.004,0.174,0.433,0.373,0.091,0.176
"FLT1",0.12,0.311,0.181,0.395,0.008,0.328,0.219,0.001,0.241,0.426,0.4
"GSK3A",0.43,0.144,0.245,0.476,0.39,0.06,0.383,0.304,0.068,0.208,0.106
"GSK3B",0.475,0.16,0.248,0.542,0.49,0.059,0.364,0.422,0.074,0.257,0.125
"PDGFRA",0.002,0.344,0.193,0.001,0.089,0.078,0.237,0.411,0.236,0.373,0.247
"VEGFR2",0.23,0.171,0.365,0.24,0.025,0.285,0.372,0.014,0.345,0.494,0.344
"FGFR1",0.384,0.113,0.297,0.456,0.483,0.564,0.332,0.575,0.086,0.589,0.552
"TIE2",0.056,0.39,0.308,0.041,0.099,0.224,0.236,0.004,0.214,0.28,0.544
"JNK2",0.053,0.321,0.287,0.355,0.14,0.019,0.49,0.044,0.423,0.032,0.235
"BRD2",0.159,0.365,0.161,0.068,0.165,0.46,0.514,0.522,0.137,0.37,0.152
"BRD3",0.175,0.408,0.181,0.093,0.141,0.478,0.465,0.315,0.215,0.37,0.179
"BRD4",0.004,0.431,0.13,0,0.201,0.157,0.281,0.324,0.431,0.484,0.204
"BRDT",0.087,0.118,0.247,0.158,0.009,0.218,0.262,0.141,0.049,0.216,0.352
"FNTA",0.191,0.254,0.362,0.041,0.115,0.37,0.163,0.16,0.488,0.487,0.387
"PDK1 (PDPK1)",0.072,0.153,0.313,0.498,0.331,0.322,0.527,0.389,0.453,0.137,0.068
"BCL2",0.174,0.062,0.516,0.442,0.335,0.212,0.522,0.375,0.059,0.525,0.156
"BCL-XL",0.252,0.086,0.427,0.256,0.318,0.251,0.531,0.307,0.068,0.465,0.231
"BCL-W",0.409,0.419,0.148,0.019,0.44,0.087,0.355,0.134,0.183,0.467,0.383
"MCL1",0.209,0.497,0.392,0.306,0.135,0.38,0.482,0.143,0.131,0.041,0.434
"dsDNA break",0.074,0.424,0.535,0.289,0.234,0.434,0.478,0.204,0.071,0.309,0.465
"BTK",0.038,0.173,0.209,0.033,0.008,0.297,0.3,0.059,0.386,0.506,0.202
"HSP90",0.342,0.213,0.459,0.263,0.239,0.369,0.43,0.104,0.063,0.342,0.319
"PDGFRB",0.005,0.099,0.419,0.009,0.115,0.453,0.383,0.011,0.569,0.25,0.077
"IKK2",0.067,0.428,0.315,0.066,0.329,0.353,0.227,0.308,0.079,0.319,0.414
"Amyloid beta20",0.163,0.3,0.369,0.544,0.299,0.291,0.435,0.196,0.042,0.026,0.18
"Amyloid beta40",0.11,0.298,0.43,0.514,0.358,0.237,0.41,0.308,0.051,0.048,0.187
"JAK2",0.002,0.512,0.205,0.006,0.32,0.479,0.276,0.047,0.062,0.126,0.356
"JNK1",0.038,0.179,0.291,0.3,0.116,0.009,0.284,0.018,0.459,0.348,0.093
"CDK6",0.033,0.214,0.205,0.032,0.463,0.042,0.306,0.354,0.482,0.314,0.289
"PI3K (class 1)",0.121,0.028,0.148,0.452,0.069,0.327,0.385,0.139,0.451,0.263,0.086
"PI3Kgamma",0.139,0.512,0.273,0.28,0.009,0.088,0.288,0.059,0.169,0.184,0.505
"RSK",0.306,0.564,0.425,0.185,0.121,0.049,0.405,0.124,0.252,0.359,0.19
"G9a and GLP",0.185,0.168,0.436,0.145,0.28,0.423,0.251,0.424,0.298,0.332,0.303
"FLT4",0.181,0.39,0.111,0.41,0.509,0.177,0.283,0.49,0.362,0.449,0.44
"NTRK2",0.136,0.192,0.127,0.287,0.187,0.228,0.492,0.105,0.177,0.177,0.321
"LTK",0.343,0.247,0.338,0.461,0.073,0.328,0.358,0.092,0.468,0.317,0.154
"TAK1",0.004,0.499,0.293,0.052,0.035,0.03,0.307,0.156,0.496,0.103,0.292
"ERK2",0.006,0.199,0.469,0.014,0.07,0.074,0.28,0.432,0.044,0.288,0.47
"HDAC6",0.05,0.178,0.232,0.494,0.016,0.117,0.244,0.116,0.337,0.047,0.511
"VEGFR1",0.311,0.362,0.498,0.118,0.377,0.241,0.432,0.24,0.329,0.147,0.377
"VEGFR3",0.307,0.39,0.447,0.117,0.319,0.22,0.47,0.317,0.355,0.142,0.372
"MTORC2",0.162,0.333,0.101,0.025,0.263,0.114,0.428,0.592,0.33,0.13,0.175
"PIM3",0.08,0.055,0.273,0.039,0.114,0.135,0.345,0.11,0.393,0.117,0.428
"ALK5",0.073,0.388,0.3,0.391,0.373,0.352,0.437,0.218,0.166,0.282,0.396
"TNKS1",0.091,0.43,0.026,0.107,0.069,0.192,0.19,0.052,0.13,0.27,0.429
"TNKS2",0.121,0.378,0.034,0.172,0.038,0.183,0.186,0.043,0.114,0.239,0.429
"TOP1",0.269,0.13,0.103,0.223,0.383,0.127,0.24,0.257,0.048,0.516,0.311
"Antimetabolite",0.134,0.055,0.338,0.242,0.399,0.359,0.23,0.186,0.086,0.434,0.221
"MEK1",0,0.273,0.309,0.01,0.135,0.059,0.384,0.116,0.303,0.203,0.302
"MEK2",0,0.237,0.305,0.01,0.156,0.069,0.353,0.123,0.263,0.228,0.283
"PARP1",0.107,0.402,0.298,0.004,0.534,0.072,0.141,0.155,0.28,0.36,0.042
"PARP2",0.111,0.541,0.338,0.003,0.45,0.07,0.155,0.11,0.29,0.393,0.059
"CHEK1",0.007,0.007,0.262,0.205,0.243,0.187,0.458,0.149,0.184,0.109,0.24
"NTRK1",0.194,0.033,0.227,0.467,0.174,0.23,0.489,0.219,0.296,0.101,0.298
"p38",0.425,0.464,0.135,0.254,0.027,0.463,0.376,0.032,0.353,0.013,0.502
"MDM2",0.318,0.106,0.285,0.077,0.088,0.087,0.269,0.529,0.051,0.387,0.254
