"","EGFR","Hypoxia","JAK.STAT","MAPK","NFkB","PI3K","TGFb","TNFa","Trail","VEGF","p53"
"EGFR",0.489975099206349,1,1,0.489975099206349,0.84944835600907,0.489975099206349,0.84944835600907,1,1,0.84944835600907,0.265749206349206
"MTORC1",0,0.941195105820106,0,0,0.259105476190476,0.326650066137566,1,0.913512896825397,0.82572074829932,1,0.259105476190476
"PDGFR",1,0.819393386243386,0.896903571428571,0.941195105820106,0.0498279761904762,1,0.896903571428571,0.0498279761904762,0.880294246031746,0.941195105820106,0.941195105820106
"KIT",0.0498279761904762,0.627002033730159,0,0.166093253968254,0.627002033730159,1,0.627002033730159,0.240835218253968,0.627002033730159,1,1
"VEGFR",0.0664373015873016,1,1,0.717522857142857,1,0.265749206349206,0.0664373015873016,1,1,0.606240376984127,1
"FLT3",0.469806632653061,0,1,0.285680396825397,0.116265277777778,0.87614191468254,1,0.285680396825397,0.415233134920635,0.893212610229277,0.285680396825397
"RET",0.0166093253968254,0.540989455782313,0.249139880952381,0,0.249139880952381,1,0.540989455782313,1,1,0.847075595238095,0.365405158730159
"CSF1R",0.15502037037037,1,0.30727251984127,1,0,1,1,0.0332186507936508,1,1,1
"MET",1,0.910191031746032,0.919049338624339,0.910191031746032,0.910191031746032,0.971645535714286,1,1,0.971645535714286,0.910191031746032,0.910191031746032
"Proteasome",0,0.707082709750567,0.9448860670194,0.0415233134920635,0,0.9448860670194,0.212599365079365,0.0110728835978836,0.21592123015873,1,1
"Microtubule stabiliser",0.0664373015873016,0.986593928571429,0.245818015873016,0.450824546485261,0.245818015873016,0.671754938271605,0.597935714285714,0.083046626984127,1,0.43184246031746,0.143947486772487
"SMO",0.177166137566138,1,0.373709821428571,0.373709821428571,0.0996559523809524,1,1,0.0996559523809524,0.373709821428571,0.373709821428571,0.373709821428571
"BRAF",1,0.664373015873016,0.474552154195011,1,0,0.474552154195011,0.474552154195011,0.298967857142857,0.548107738095238,0.474552154195011,0.199311904761905
"AURKA",0.722505654761905,1,1,1,0,1,1,0.387550925925926,0.387550925925926,1,1
"AURKB",0,1,0.393087367724868,0,0.12456994047619,0.938426884920635,1,0.0110728835978836,1,0.536243934240363,0.199311904761905
"AURKC",1,1,1,1,0.43184246031746,1,1,1,0.365405158730159,1,1
"ABL",0.581326388888889,0.736346759259259,0.941195105820106,0.736346759259259,1,1,0.941195105820106,0.736346759259259,0.736346759259259,0.941195105820106,0.581326388888889
"ALK",0.857645165945166,0.812011463844797,0.812011463844797,0.812011463844797,0.812011463844797,0.406928472222222,0.249139880952381,0.249139880952381,0.406928472222222,0.857645165945166,0.757385238095238
"SRC",0.265749206349206,0.290663194444444,1,1,0,1,0.391980079365079,0,1,1,1
"CDK1",1,1,0.0332186507936508,1,1,1,0.0664373015873016,1,0.440147123015873,1,0.0664373015873016
"CDK2",0.321113624338624,0.387550925925926,0.0996559523809524,0.321113624338624,0.0996559523809524,0.387550925925926,0.504923492063492,0,0.387550925925926,0.232530555555556,0.92106259018759
"CDK5",0.930122222222222,0.930122222222222,0.930122222222222,0.989177601410935,0.989177601410935,0.989177601410935,0.930122222222222,0.930122222222222,0.930122222222222,1,1
"CDK7",1,1,0.991023082010582,1,0.991023082010582,0.991023082010582,1,0.991023082010582,1,0.315577182539683,0.315577182539683
"CDK9",0.0664373015873016,0.285680396825397,1,0.919049338624339,0,1,1,0,0.132874603174603,1,1
"PKC",0.166093253968254,0.971645535714286,0.265749206349206,0.593190192743764,0.265749206349206,1,0.265749206349206,0.265749206349206,1,1,0.359868716931217
"CDK4",0.21592123015873,0.915358377425044,0.915358377425044,0.21592123015873,0.445129920634921,1,1,0.892158049886621,0.445129920634921,0.445129920634921,0.892158049886621
"LCK",0.340491170634921,0.409696693121693,0.340491170634921,0.892158049886621,0,1,0.409696693121693,0,1,1,1
"BMX",0,0.325542777777778,1,0.0166093253968254,0.132874603174603,1,1,1,1,0.191007242063492,1
"PLK1",0,1,0.0442915343915344,0,1,1,1,1,1,0.465061111111111,0.357100496031746
"PLK3",0.083046626984127,1,1,0.308458900226757,0.0332186507936508,0.308458900226757,1,0.308458900226757,0.308458900226757,0.308458900226757,0.710048660714286
"IGF1R",0.240835218253968,0.535189373897707,0.166093253968254,0.242021598639456,0.481670436507937,0.242021598639456,1,0.242021598639456,0.0996559523809524,1,0.0996559523809524
"IR",1,1,1,1,1,0.597935714285714,1,1,1,1,1
"MTOR",0,0.394932848324515,0.132874603174603,0.083046626984127,0,0.126230873015873,0.261596875,0.0221457671957672,1,1,0.132874603174603
"AKT1",1,1,1,1,0.298967857142857,0.788942956349206,1,0.298967857142857,1,1,0.6754458994709
"AKT2",0.657729285714286,1,0.992407192460317,1,0.442915343915344,0.657729285714286,1,0.442915343915344,0.819393386243386,0.84944835600907,0.442915343915344
"AKT3",0.332186507936508,0.966662738095238,0.581326388888889,0.966662738095238,0.966662738095238,0.581326388888889,0.966662738095238,1,0.604579444444444,0.966662738095238,0.581326388888889
"HDAC1",0.0166093253968254,1,0.260212764550265,0,0.0221457671957672,1,0.260212764550265,0.141179265873016,1,0.984102529761905,0.984102529761905
"IKK",0.481670436507937,0.779128354978355,0.354332275132275,0.354332275132275,0.354332275132275,0.779128354978355,0.779128354978355,0.779128354978355,0.779128354978355,0.779128354978355,0.624510634920635
"PI3Kbeta",1,0.355914115646258,0.055364417989418,0.0664373015873016,0,0.564717063492064,0.132874603174603,0,1,1,0.182702579365079
"ERK5",0.346423072562358,0.112943412698413,0.110728835978836,0,0,0.810535079365079,0.346423072562358,0.112943412698413,0.810535079365079,1,0.772333630952381
"ERBB2",0.597935714285714,0.95503621031746,0.597935714285714,0.978104717813051,0.978104717813051,0.978104717813051,0.978104717813051,0.978104717813051,1,0.597935714285714,1
"ROCK1",0.92181755952381,0.132874603174603,0.0332186507936508,0.0747419642857143,0.0332186507936508,0.92181755952381,0.249139880952381,0.0332186507936508,1,1,1
"ROCK2",0.635899886621315,0.0498279761904762,0.506584424603175,0.0498279761904762,0.0996559523809524,0.951261363636364,0.842923263888889,0.920156626984127,0.635899886621315,0.635899886621315,0.920156626984127
"DNA crosslinker",1,1,1,1,0.0332186507936508,1,1,0.116265277777778,1,1,1
"Microtubule destabiliser",0.657729285714286,0.930122222222222,0.657729285714286,0.930122222222222,0.657729285714286,0.657729285714286,0.657729285714286,0.930122222222222,0.930122222222222,1,0.930122222222222
"AR",0,1,1,0,1,1,0.946731547619048,0.923478492063492,0.265749206349206,1,0.514889087301587
"ATM",1,0.0996559523809524,1,1,0.930122222222222,0.930122222222222,0.930122222222222,1,1,1,1
"FLT1",0,1,0.0166093253968254,0,0.0199311904761905,1,0.0885830687830688,0,0.901649092970522,1,1
"GSK3A",0.536243934240363,1,0.536243934240363,0.536243934240363,0.581326388888889,1,0.536243934240363,0.536243934240363,0.536243934240363,1,0.536243934240363
"GSK3B",0.39862380952381,1,0.863684920634921,0.498279761904762,1,1,1,1,1,1,0.498279761904762
"PDGFRA",1,0.564717063492064,0.564717063492064,0.885830687830688,0.564717063492064,1,0.885830687830688,1,1,0.564717063492064,1
"VEGFR2",0.0664373015873016,1,0.572098985890653,0,0.0498279761904762,0.0863684920634921,0.564717063492064,0.0863684920634921,0.564717063492064,1,0.254676322751323
"FGFR1",0,0.223039512471655,0.223039512471655,0,0.132874603174603,1,1,0.0747419642857143,0.0442915343915344,1,1
"TIE2",0.318899047619048,1,0.578953628117914,0.0221457671957672,0,0.575789947089947,1,0,1,1,0.166093253968254
"JNK2",1,1,1,1,1,1,1,1,1,1,1
"BRD2",0.310040740740741,1,0.310040740740741,0.310040740740741,0.310040740740741,0.322695464852608,0.690209744268078,0.310040740740741,0.690209744268078,1,0.310040740740741
"BRD3",0.359868716931217,1,0.30727251984127,0.517261848072562,0.359868716931217,0.30727251984127,0.745574162257496,0.30727251984127,0.622849702380952,1,0.30727251984127
"BRD4",0.445129920634921,0.0996559523809524,1,1,1,0.82097522675737,0.445129920634921,0.575789947089947,0.445129920634921,0.116265277777778,0.851227926587302
"BRDT",0.409696693121693,1,0.391980079365079,0.232530555555556,0.373709821428571,0.373709821428571,1,0.0664373015873016,0.847075595238095,1,0.711828231292517
"FNTA",0.166093253968254,0.757385238095238,0.12180171957672,1,0.12180171957672,1,1,0,0.919049338624339,1,1
"PDK1 (PDPK1)",0,1,0.0996559523809524,0,1,1,0.977577437641723,0.442915343915344,0.442915343915344,1,0.348795833333333
"BCL2",1,1,0.265749206349206,1,0.0332186507936508,1,1,1,1,1,1
"BCL-XL",1,1,0.166093253968254,1,0.199311904761905,1,1,1,1,1,1
"BCL-W",1,0.52319375,0.199311904761905,0.589631051587302,0.589631051587302,0.589631051587302,0.889521649029982,0,0.589631051587302,0.509352645502645,1
"MCL1",0.332186507936508,1,0.343259391534392,0.901649092970522,0.343259391534392,0.82382253968254,1,1,0.934274553571429,0.780638293650794,0.901649092970522
"dsDNA break",1,1,1,1,1,1,1,1,1,1,1
"BTK",0.43184246031746,1,0.265749206349206,1,1,1,1,1,1,1,1
"HSP90",1,1,1,1,0.0166093253968254,1,1,0,1,1,0.110728835978836
"PDGFRB",1,1,1,0.83046626984127,0,1,1,0,0.92181755952381,1,1
"IKK2",0.055364417989418,1,1,0.722505654761905,0.0332186507936508,0.863684920634921,1,0.0332186507936508,0.863684920634921,0.873175963718821,1
"Amyloid beta20",1,1,1,1,1,1,1,1,1,1,1
"Amyloid beta40",1,1,1,1,1,1,1,1,1,1,0.39862380952381
"JAK2",0.963340873015873,1,0.30727251984127,0.438486190476191,0.298967857142857,0.963340873015873,0.525961970899471,0.612172278911565,0.30727251984127,1,0.30727251984127
"JNK1",1,0.0332186507936508,0.83995731292517,0.484992301587302,0.0498279761904762,0.83995731292517,1,1,0.971645535714286,0.465061111111111,0.484992301587302
"CDK6",0.43184246031746,0.747419642857143,0.933444087301587,0.933444087301587,0.548107738095238,0.975420382395382,0.83521179138322,0.83521179138322,0.933444087301587,0.747419642857143,0.757385238095238
"PI3K (class 1)",0.442915343915344,0.688100623582766,1,0.786174735449735,0.786174735449735,0.21592123015873,0.21592123015873,1,0.459524669312169,0.459524669312169,0.459524669312169
"PI3Kgamma",0,0.40526753968254,0.593783382936508,0,1,0.593783382936508,0.548107738095238,0.188239021164021,0.249139880952381,1,1
"RSK",0.132874603174603,1,0.132874603174603,0.616917800453515,0.224225892857143,1,1,0.132874603174603,1,0.616917800453515,0.616917800453515
"G9a and GLP",0,0.210384788359788,1,0.210384788359788,0.977577437641723,0.639459027777778,1,0.671016746031746,0.836002711640212,1,1
"FLT4",0.39862380952381,0.618697371031746,0.376478042328042,0.0664373015873016,0.382014484126984,0.778792813051146,0.116265277777778,0.507770804988662,1,1,0.507770804988662
"NTRK2",0.0332186507936508,0.993237658730159,0.210384788359788,0.166093253968254,0.539803075396825,0.385336349206349,1,0.539803075396825,0.385336349206349,0.539803075396825,0.993237658730159
"LTK",0,1,0.0442915343915344,0,0.481670436507937,0.673864058956916,0.673864058956916,1,0.673864058956916,1,1
"TAK1",0.0110728835978836,1,0.755724305555556,0.0110728835978836,0.437378902116402,1,0.755724305555556,0.0110728835978836,0.039862380952381,1,0.0166093253968254
"ERK2",1,0.503025283446712,0.743267311507936,0.365405158730159,0.387550925925926,0.387550925925926,1,0,0.365405158730159,1,0.182702579365079
"HDAC6",0.298967857142857,0.896903571428571,1,0.896903571428571,0.298967857142857,1,0.896903571428571,0.298967857142857,0.606240376984127,0.896903571428571,1
"VEGFR1",1,1,1,1,0.963340873015873,1,1,1,1,1,1
"VEGFR3",0.915885657596372,1,0.915885657596372,0.915885657596372,0.915885657596372,0.915885657596372,1,0.915885657596372,0.915885657596372,1,1
"MTORC2",0,0.378692619047619,0.0885830687830688,0,0.525961970899471,0.84944835600907,0.199311904761905,1,1,1,1
"PIM3",0.310040740740741,0.873175963718821,1,0.310040740740741,0.310040740740741,0.873175963718821,0.873175963718821,1,0.539803075396825,1,1
"ALK5",1,1,1,1,0.083046626984127,0.750741507936508,0.406928472222222,0.0664373015873016,1,1,0.406928472222222
"TNKS1",0.105192394179894,0.626408843537415,0.105192394179894,0.0332186507936508,0.0664373015873016,1,0.105192394179894,0.105192394179894,1,1,1
"TNKS2",0.0996559523809524,0.664373015873016,0.127338161375661,0,0.0166093253968254,1,0.119587142857143,0.0996559523809524,1,1,1
"TOP1",1,1,1,1,0.0332186507936508,1,1,1,1,1,1
"Antimetabolite",0.0332186507936508,1,0.930122222222222,0.996559523809524,0.83046626984127,1,1,0.83046626984127,1,0.83046626984127,1
"MEK1",0,1,1,0,1,1,1,0.132874603174603,0.692055224867725,0.692055224867725,0.174397916666667
"MEK2",0,1,0.882139726631393,0,1,0.882139726631393,0.882139726631393,0.177166137566138,0.437378902116402,0.437378902116402,0.232530555555556
"PARP1",1,1,0.622849702380952,1,0.465061111111111,1,1,0.465061111111111,1,1,0.622849702380952
"PARP2",1,1,0.971645535714286,1,0.70866455026455,1,1,0.70866455026455,1,1,0.70866455026455
"CHEK1",0,0.991814002267574,1,0.116265277777778,0.257444543650794,1,1,1,0.385336349206349,0.15502037037037,0.991814002267574
"NTRK1",0.365405158730159,1,1,1,1,1,0.581326388888889,1,1,1,1
"p38",0.979950198412698,1,1,1,1,1,0.979950198412698,1,1,1,1
"MDM2",0.0996559523809524,1,0.365405158730159,0.0996559523809524,1,1,1,1,1,1,0
