"","EGFR","Hypoxia","JAK.STAT","MAPK","NFkB","PI3K","TGFb","TNFa","Trail","VEGF","p53"
"EGFR",0.059,0.418,0.254,0.05,0.17,0.032,0.156,0.323,0.379,0.179,0.008
"MTORC1",0,0.255,0,0,0.039,0.059,0.54,0.22,0.174,0.626,0.036
"PDGFR",0.511,0.074,0.142,0.215,0.003,0.329,0.162,0.002,0.106,0.229,0.255
"KIT",0.003,0.149,0,0.015,0.145,0.569,0.151,0.029,0.148,0.383,0.362
"VEGFR",0.002,0.215,0.408,0.108,0.541,0.024,0.004,0.272,0.384,0.073,0.296
"FLT3",0.099,0,0.323,0.043,0.007,0.211,0.59,0.036,0.075,0.242,0.038
"RET",0.001,0.112,0.029,0,0.03,0.459,0.114,0.402,0.398,0.204,0.055
"CSF1R",0.014,0.274,0.037,0.536,0,0.402,0.706,0.002,0.164,0.661,0.224
"MET",0.595,0.132,0.166,0.053,0.117,0.234,0.538,0.349,0.212,0.067,0.137
"Proteasome",0,0.149,0.245,0.005,0,0.256,0.032,0.001,0.039,0.537,0.42
"Microtubule stabiliser",0.002,0.297,0.037,0.095,0.034,0.182,0.144,0.005,0.685,0.078,0.013
"SMO",0.016,0.655,0.09,0.084,0.006,0.666,0.435,0.006,0.067,0.049,0.07
"BRAF",0.338,0.18,0.1,0.317,0,0.063,0.09,0.027,0.132,0.085,0.012
"AURKA",0.087,0.242,0.44,0.543,0,0.409,0.202,0.035,0.031,0.481,0.436
"AURKB",0,0.381,0.071,0,0.015,0.226,0.307,0.001,0.496,0.113,0.03
"AURKC",0.516,0.456,0.265,0.292,0.026,0.345,0.61,0.56,0.011,0.312,0.424
"ABL",0.035,0.133,0.24,0.125,0.554,0.384,0.215,0.068,0.102,0.255,0.026
"ALK",0.284,0.212,0.212,0.22,0.166,0.049,0.015,0.014,0.038,0.27,0.114
"SRC",0.024,0.035,0.597,0.561,0,0.551,0.059,0,0.444,0.207,0.245
"CDK1",0.469,0.514,0.001,0.393,0.199,0.438,0.006,0.341,0.053,0.242,0.006
"CDK2",0.058,0.103,0.007,0.052,0.009,0.103,0.152,0,0.105,0.028,0.305
"CDK5",0.168,0.112,0.145,0.245,0.256,0.268,0.148,0.144,0.149,0.456,0.513
"CDK7",0.211,0.386,0.145,0.323,0.179,0.11,0.289,0.175,0.297,0.019,0.019
"CDK9",0.006,0.043,0.651,0.166,0,0.643,0.423,0,0.016,0.81,0.702
"PKC",0.005,0.234,0.04,0.125,0.038,0.477,0.028,0.024,0.271,0.42,0.065
"CDK4",0.013,0.248,0.221,0.007,0.042,0.418,0.433,0.174,0.059,0.067,0.188
"LCK",0.034,0.074,0.041,0.188,0,0.54,0.063,0,0.335,0.4,0.557
"BMX",0,0.049,0.231,0.001,0.012,0.305,0.39,0.565,0.37,0.023,0.392
"PLK1",0,0.43,0.004,0,0.362,0.242,0.489,0.324,0.289,0.07,0.043
"PLK3",0.005,0.497,0.396,0.055,0.001,0.06,0.289,0.06,0.06,0.065,0.171
"IGF1R",0.029,0.145,0.015,0.049,0.116,0.048,0.432,0.051,0.003,0.324,0.006
"IR",0.545,0.395,0.237,0.583,0.273,0.018,0.255,0.574,0.279,0.128,0.068
"MTOR",0,0.107,0.028,0.01,0,0.019,0.063,0.002,0.421,0.544,0.024
"AKT1",0.245,0.208,0.472,0.616,0.018,0.095,0.401,0.012,0.153,0.316,0.061
"AKT2",0.099,0.325,0.239,0.42,0.019,0.095,0.556,0.03,0.148,0.179,0.04
"AKT3",0.01,0.268,0.063,0.2,0.254,0.054,0.261,0.544,0.091,0.291,0.07
"HDAC1",0.001,0.447,0.045,0,0.002,0.613,0.047,0.017,0.426,0.216,0.237
"IKK",0.058,0.214,0.032,0.011,0.029,0.182,0.249,0.149,0.258,0.2,0.094
"PI3Kbeta",0.49,0.075,0.005,0.008,0,0.136,0.02,0,0.303,0.395,0.033
"ERK5",0.073,0.017,0.01,0,0,0.244,0.073,0.014,0.231,0.39,0.186
"ERBB2",0.049,0.115,0.026,0.15,0.265,0.217,0.185,0.244,0.346,0.054,0.521
"ROCK1",0.201,0.02,0.001,0.009,0.002,0.222,0.045,0.003,0.43,0.446,0.363
"ROCK2",0.125,0.002,0.061,0.003,0.009,0.315,0.203,0.256,0.13,0.134,0.277
"DNA crosslinker",0.37,0.268,0.183,0.32,0.001,0.407,0.11,0.007,0.19,0.46,0.237
"Microtubule destabiliser",0.099,0.244,0.075,0.279,0.083,0.07,0.036,0.28,0.188,0.343,0.214
"AR",0,0.417,0.28,0,0.312,0.494,0.171,0.139,0.024,0.305,0.062
"ATM",0.21,0.003,0.525,0.431,0.112,0.056,0.088,0.232,0.308,0.418,0.187
"FLT1",0,0.338,0.002,0,0.003,0.651,0.016,0,0.19,0.639,0.484
"GSK3A",0.073,0.284,0.066,0.087,0.14,0.537,0.093,0.104,0.113,0.331,0.028
"GSK3B",0.012,0.195,0.104,0.033,0.601,0.463,0.297,0.605,0.253,0.411,0.045
"PDGFRA",0.212,0.068,0.022,0.152,0.065,0.394,0.16,0.412,0.507,0.038,0.569
"VEGFR2",0.006,0.318,0.155,0,0.003,0.013,0.136,0.013,0.135,0.399,0.046
"FGFR1",0,0.041,0.047,0,0.02,0.443,0.312,0.009,0.004,0.258,0.515
"TIE2",0.048,0.298,0.122,0.002,0,0.104,0.363,0,0.588,0.613,0.02
"JNK2",0.438,0.3,0.132,0.146,0.393,0.433,0.279,0.089,0.208,0.227,0.18
"BRD2",0.053,0.436,0.017,0.056,0.042,0.068,0.187,0.053,0.174,0.587,0.039
"BRD3",0.063,0.467,0.015,0.109,0.065,0.029,0.202,0.037,0.15,0.388,0.031
"BRD4",0.044,0.003,0.343,0.279,0.421,0.173,0.067,0.104,0.056,0.007,0.205
"BRDT",0.074,0.376,0.059,0.014,0.045,0.037,0.342,0.002,0.204,0.42,0.15
"FNTA",0.02,0.114,0.01,0.264,0.011,0.263,0.28,0,0.166,0.597,0.422
"PDK1 (PDPK1)",0,0.325,0.009,0,0.296,0.472,0.206,0.079,0.08,0.268,0.042
"BCL2",0.134,0.175,0.016,0.626,0.001,0.196,0.252,0.213,0.279,0.221,0.467
"BCL-XL",0.241,0.184,0.005,0.75,0.012,0.234,0.455,0.673,0.516,0.177,0.275
"BCL-W",0.386,0.063,0.012,0.142,0.118,0.136,0.241,0,0.097,0.046,0.339
"MCL1",0.01,0.295,0.024,0.18,0.031,0.124,0.414,0.345,0.225,0.094,0.19
"dsDNA break",0.331,0.125,0.471,0.307,0.346,0.516,0.27,0.456,0.158,0.246,0.044
"BTK",0.026,0.536,0.008,0.165,0.093,0.155,0.407,0.354,0.486,0.288,0.369
"HSP90",0.167,0.534,0.588,0.48,0.001,0.727,0.421,0,0.272,0.601,0.01
"PDGFRB",0.718,0.161,0.596,0.075,0,0.298,0.285,0,0.111,0.204,0.289
"IKK2",0.005,0.264,0.569,0.087,0.001,0.144,0.272,0.002,0.156,0.184,0.572
"Amyloid beta20",0.394,0.549,0.414,0.199,0.185,0.162,0.478,0.501,0.279,0.354,0.044
"Amyloid beta40",0.56,0.439,0.31,0.195,0.198,0.226,0.288,0.313,0.323,0.441,0.012
"JAK2",0.261,0.403,0.03,0.066,0.009,0.238,0.095,0.129,0.025,0.339,0.037
"JNK1",0.535,0.001,0.177,0.07,0.003,0.152,0.465,0.284,0.234,0.042,0.073
"CDK6",0.013,0.074,0.245,0.268,0.033,0.323,0.154,0.176,0.281,0.09,0.114
"PI3K (class 1)",0.04,0.145,0.617,0.198,0.213,0.008,0.013,0.377,0.083,0.083,0.06
"PI3Kgamma",0,0.061,0.143,0,0.327,0.139,0.099,0.017,0.03,0.31,0.544
"RSK",0.008,0.31,0.004,0.13,0.027,0.457,0.338,0.012,0.532,0.101,0.124
"G9a and GLP",0,0.017,0.275,0.019,0.206,0.077,0.344,0.101,0.151,0.307,0.251
"FLT4",0.06,0.149,0.034,0.002,0.046,0.211,0.007,0.107,0.482,0.525,0.107
"NTRK2",0.001,0.299,0.019,0.01,0.108,0.058,0.339,0.13,0.056,0.116,0.277
"LTK",0,0.331,0.004,0,0.058,0.126,0.11,0.459,0.142,0.32,0.392
"TAK1",0.001,0.46,0.182,0.001,0.079,0.514,0.181,0.001,0.006,0.39,0.002
"ERK2",0.43,0.106,0.179,0.044,0.067,0.07,0.451,0,0.034,0.384,0.011
"HDAC6",0.025,0.21,0.406,0.207,0.013,0.382,0.144,0.027,0.073,0.216,0.362
"VEGFR1",0.305,0.403,0.107,0.289,0.029,0.197,0.293,0.067,0.204,0.477,0.35
"VEGFR3",0.132,0.372,0.074,0.158,0.034,0.19,0.279,0.104,0.193,0.428,0.395
"MTORC2",0,0.057,0.008,0,0.095,0.179,0.024,0.386,0.247,0.345,0.312
"PIM3",0.015,0.184,0.418,0.019,0.028,0.141,0.184,0.388,0.065,0.381,0.267
"ALK5",0.63,0.68,0.459,0.835,0.005,0.113,0.049,0.002,0.488,0.535,0.048
"TNKS1",0.019,0.132,0.017,0.001,0.004,0.346,0.016,0.013,0.352,0.485,0.347
"TNKS2",0.012,0.14,0.023,0,0.001,0.427,0.018,0.011,0.406,0.573,0.291
"TOP1",0.315,0.263,0.351,0.342,0.001,0.317,0.397,0.066,0.237,0.237,0.283
"Antimetabolite",0.001,0.306,0.14,0.18,0.088,0.43,0.319,0.1,0.264,0.088,0.441
"MEK1",0,0.512,0.264,0,0.52,0.255,0.273,0.012,0.125,0.114,0.021
"MEK2",0,0.444,0.225,0,0.331,0.239,0.238,0.016,0.079,0.076,0.028
"PARP1",0.172,0.211,0.075,0.259,0.024,0.218,0.486,0.028,0.312,0.51,0.072
"PARP2",0.232,0.279,0.117,0.295,0.063,0.261,0.496,0.052,0.333,0.429,0.064
"CHEK1",0,0.209,0.562,0.007,0.031,0.502,0.316,0.378,0.058,0.014,0.2
"NTRK1",0.011,0.336,0.375,0.298,0.197,0.188,0.035,0.261,0.493,0.094,0.465
"p38",0.059,0.401,0.418,0.258,0.222,0.371,0.039,0.259,0.258,0.506,0.438
"MDM2",0.009,0.2,0.044,0.006,0.273,0.493,0.234,0.453,0.226,0.416,0
