"","EGFR","Hypoxia","JAK.STAT","MAPK","NFkB","PI3K","TGFb","TNFa","Trail","VEGF","p53"
"EGFR",0.282358531746032,0.552260069444445,1,0.305611587301587,0.199311904761905,1,1,0.305611587301587,0.315577182539683,0.305611587301587,0.552260069444445
"MTORC1",1,1,0.514889087301587,0.983272063492064,1,1,1,1,0.514889087301587,0.514889087301587,0.514889087301587
"PDGFR",1,1,1,1,1,1,1,1,1,1,1
"KIT",1,1,1,1,1,1,1,1,1,1,1
"VEGFR",0.465061111111111,0.967493204365079,1,1,0,0.465061111111111,1,0,0.465061111111111,0.778265532879819,0.465061111111111
"FLT3",1,0.974413756613757,0.974413756613757,0.974413756613757,0,0.143947486772487,0.974413756613757,0.783960158730159,0.30727251984127,1,0
"RET",0.786174735449735,0.786174735449735,0.256258163265306,0.182702579365079,0,0.239174285714286,0.883616111111111,0.0166093253968254,0.0332186507936508,1,0.256258163265306
"CSF1R",1,1,1,1,1,1,1,1,1,0.298967857142857,1
"MET",1,1,0.873175963718821,0.556412400793651,0.873175963718821,0.448451785714286,1,0.556412400793651,0.132874603174603,0.873175963718821,1
"Proteasome",1,1,1,1,1,1,1,1,1,1,1
"Microtubule stabiliser",1,1,1,1,0.808320502645503,1,1,0.465061111111111,1,1,0.61454503968254
"SMO",0.446079024943311,0.326650066137566,0.857645165945166,0.0498279761904762,0,0.602088045634921,0.857645165945166,0.318899047619048,0.0664373015873016,0.857645165945166,0.157788591269841
"BRAF",0.0332186507936508,0.747419642857143,0.573021726190476,1,1,1,0.747419642857143,1,0.573021726190476,0.573021726190476,1
"AURKA",0.573021726190476,1,1,0.265749206349206,0.573021726190476,0.747419642857143,1,0.573021726190476,1,1,0.747419642857143
"AURKB",0.564717063492064,1,0.653300132275132,0.564717063492064,0.704235396825397,1,1,0.747419642857143,1,1,0.704235396825397
"AURKC",1,1,1,1,1,1,1,1,1,1,1
"ABL",0.61454503968254,0.963340873015873,0.963340873015873,1,0,0.61454503968254,1,0.717522857142857,1,1,0.61454503968254
"ALK",0,1,1,1,0.43184246031746,1,1,1,1,1,1
"SRC",1,1,1,1,1,1,1,1,1,1,1
"CDK1",0.132874603174603,0.493534240362812,0.498279761904762,0.132874603174603,0,0.493534240362812,1,0.132874603174603,0.498279761904762,1,0.132874603174603
"CDK2",0.110728835978836,0.771410890652557,0.771410890652557,0.771410890652557,0.0332186507936508,0.771410890652557,1,0.110728835978836,0.771410890652557,0.249139880952381,0.973306468253968
"CDK5",0.593190192743764,0.43184246031746,0.52319375,0.43184246031746,0.593190192743764,1,0.43184246031746,0.593190192743764,1,0.975797867063492,1
"CDK7",0.611223174603175,0.611223174603175,0.611223174603175,0.611223174603175,1,0.597935714285714,1,1,1,1,1
"CDK9",1,0.755724305555556,1,1,0.409696693121693,0.409696693121693,1,1,1,1,0.409696693121693
"PKC",0.332186507936508,0.719737433862434,0.597935714285714,0.597935714285714,0.597935714285714,0.597935714285714,0.902943326118326,0.597935714285714,0.597935714285714,0.332186507936508,0.902943326118326
"CDK4",1,1,1,1,1,1,1,1,1,1,1
"LCK",1,1,1,1,1,1,1,1,1,1,1
"BMX",1,1,0.631154365079365,0.631154365079365,1,1,1,1,1,1,1
"PLK1",0.697591666666667,1,1,1,0.232530555555556,1,1,0.531498412698413,1,0.531498412698413,1
"PLK3",0.764028968253968,1,1,1,0.847075595238095,0.199311904761905,1,0.249139880952381,1,1,1
"IGF1R",1,0.498279761904762,0.116265277777778,1,0.116265277777778,1,0.116265277777778,0.116265277777778,1,0.272392936507937,1
"IR",1,1,0.664373015873016,1,1,1,1,0.332186507936508,1,1,1
"MTOR",0.810535079365079,1,1,1,1,0.0996559523809524,1,1,0.810535079365079,0.810535079365079,0.810535079365079
"AKT1",0.847075595238095,1,1,1,0.847075595238095,1,1,1,1,0.847075595238095,0.847075595238095
"AKT2",1,1,1,1,1,1,1,1,1,1,1
"AKT3",1,1,1,1,0.199311904761905,1,1,1,1,1,1
"HDAC1",0.0775101851851852,1,0.30727251984127,1,0.818009275793651,0.87106684303351,0.818009275793651,0.338830238095238,0,0.0775101851851852,0.818009275793651
"IKK",1,0.883616111111111,1,1,0.481670436507937,0.481670436507937,1,1,0.642227248677249,1,0.772333630952381
"PI3Kbeta",1,0.642227248677249,0.92181755952381,0.92181755952381,0.132874603174603,0.92181755952381,0.92181755952381,0.265749206349206,1,0.92181755952381,0.937504144620811
"ERK5",1,1,1,1,1,1,1,1,1,1,1
"ERBB2",0,0.564717063492063,0.564717063492063,0.564717063492063,1,0.564717063492063,0.953849829931973,1,1,0.564717063492063,1
"ROCK1",0.970722795414462,1,0.847075595238095,0.970722795414462,0,0.970722795414462,0.970722795414462,0.0996559523809524,1,0.970722795414462,0.847075595238095
"ROCK2",1,1,0.61454503968254,1,0.61454503968254,1,1,1,1,1,1
"DNA crosslinker",0.714200992063492,1,1,1,1,1,0.719737433862434,0.664373015873016,0.780638293650794,1,1
"Microtubule destabiliser",1,1,1,1,1,1,1,1,1,1,0.43184246031746
"AR",1,1,1,1,0.780638293650794,1,1,0.780638293650794,1,1,1
"ATM",0.639459027777778,0.621663321995465,1,0.343259391534392,0.343259391534392,0.983272063492064,0.372048888888889,0.592399272486772,0.372048888888889,0.343259391534392,0.959649911816579
"FLT1",1,1,0.836002711640212,0.382014484126984,0.836002711640212,0.836002711640212,0.836002711640212,1,0.382014484126984,1,1
"GSK3A",1,1,1,1,1,1,1,1,1,1,1
"GSK3B",1,1,1,1,1,1,1,1,1,1,1
"PDGFRA",0.697591666666667,1,1,0.946731547619048,0.946731547619048,1,0.697591666666667,1,1,1,1
"VEGFR2",1,1,1,1,1,1,1,1,1,1,1
"FGFR1",1,1,1,1,1,1,1,1,1,1,1
"TIE2",0.836002711640212,0.564717063492063,1,0.265749206349206,1,0.871989583333333,1,0.871989583333333,0.531498412698413,0.83046626984127,0.836002711640212
"JNK2",0.61454503968254,1,0.382014484126984,0,1,0.61454503968254,0.838770932539683,0.514889087301587,0.514889087301587,1,0.664373015873016
"BRD2",0.265749206349206,1,0.988254861111111,1,1,0.265749206349206,1,1,0.265749206349206,1,1
"BRD3",0.741883201058201,1,1,0.971645535714286,1,0.166093253968254,1,1,0.448451785714286,1,1
"BRD4",1,1,1,1,1,1,1,1,1,1,1
"BRDT",1,1,1,0.373709821428571,0.373709821428571,0.298967857142857,1,0.373709821428571,1,1,1
"FNTA",1,1,1,1,1,1,1,1,1,1,1
"PDK1 (PDPK1)",0.0332186507936508,0.957804431216931,1,0.957804431216931,0.957804431216931,1,1,0.957804431216931,1,1,0.957804431216931
"BCL2",1,1,1,1,1,1,1,1,1,1,1
"BCL-XL",1,1,1,1,0.265749206349206,1,1,1,1,1,1
"BCL-W",1,0.974413756613757,0.956697142857143,1,0.956697142857143,1,0.956697142857143,0.956697142857143,1,1,0.956697142857143
"MCL1",0.584648253968254,0.593190192743764,0.593190192743764,1,1,1,0.584648253968254,0.584648253968254,1,0.584648253968254,0.584648253968254
"dsDNA break",1,1,0.991023082010582,0.991023082010582,1,1,0.991023082010582,1,0.991023082010582,0.991023082010582,0.991023082010582
"BTK",0.863684920634921,1,1,1,1,0.863684920634921,1,1,1,1,1
"HSP90",1,1,1,1,0.0332186507936508,1,1,0.0332186507936508,1,1,1
"PDGFRB",1,1,1,1,1,1,1,1,1,1,1
"IKK2",0.939613265306122,1,0.939613265306122,0.939613265306122,1,0.315577182539683,0.939613265306122,0.315577182539683,0.939613265306122,1,1
"Amyloid beta20",1,1,1,0.989915793650794,0.913512896825397,0.989915793650794,1,0.531498412698413,1,1,0.941195105820106
"Amyloid beta40",0.893581706349207,0.893581706349207,1,0.677660476190476,0.232530555555556,0.893581706349207,0.893581706349207,0.232530555555556,0.893581706349207,0.656068353174603,0.656068353174603
"JAK2",0.465061111111111,1,1,0.465061111111111,0.365405158730159,1,1,1,1,1,1
"JNK1",1,1,1,1,1,1,1,1,1,1,1
"CDK6",0.719737433862434,1,1,1,1,1,1,1,1,0.719737433862434,0.719737433862434
"PI3K (class 1)",1,0.813856944444445,1,1,1,1,1,1,1,1,0.813856944444445
"PI3Kgamma",1,0.564717063492064,1,1,1,1,0.786174735449735,1,0.43184246031746,1,1
"RSK",0.752956084656085,1,1,1,0.0332186507936508,0.498279761904762,0.657729285714286,0,1,1,0.265749206349206
"G9a and GLP",0.780638293650794,0.857041190476191,0.877921485260771,1,0.166093253968254,1,0.857041190476191,0.857041190476191,1,1,0.877921485260771
"FLT4",0.764028968253968,1,1,0.764028968253968,1,1,1,0.764028968253968,1,1,1
"NTRK2",0.506584424603175,0.506584424603175,0.730810317460318,1,0.332186507936508,0.506584424603175,0.506584424603175,0.332186507936508,0.730810317460318,0.506584424603175,0.0332186507936508
"LTK",0.87106684303351,0.87106684303351,0.936765952380952,0.87106684303351,0.132874603174603,0.87106684303351,0.87106684303351,0.87106684303351,0.87106684303351,0.87106684303351,1
"TAK1",0.110728835978836,0.885830687830688,0.654881972789116,0.826313938492064,0,1,0.654881972789116,0.110728835978836,1,0.571360793650794,0.571360793650794
"ERK2",1,1,0.863684920634921,0.243603439153439,1,0.21592123015873,0.863684920634921,1,0.21592123015873,1,1
"HDAC6",0.656068353174603,1,0.656068353174603,1,0.055364417989418,1,0.656068353174603,0.571360793650794,0.0498279761904762,0.0332186507936508,0.365405158730159
"VEGFR1",0.930122222222222,1,1,0.930122222222222,1,0.930122222222222,1,1,1,1,1
"VEGFR3",0.775101851851852,1,1,0.775101851851852,0.775101851851852,0.775101851851852,1,1,0.775101851851852,0.775101851851852,0.873175963718821
"MTORC2",1,1,1,1,1,1,1,1,1,1,1
"PIM3",1,1,1,1,1,1,1,1,1,1,1
"ALK5",1,0.617866904761905,0.678609580498866,0.617866904761905,0.617866904761905,1,0.653300132275132,0.465061111111111,1,0.617866904761905,1
"TNKS1",0.575789947089947,1,1,0.298967857142857,1,1,0.946731547619048,1,0.575789947089947,1,1
"TNKS2",0.476133994708995,1,1,0.232530555555556,1,1,0.764028968253968,1,0.476133994708995,1,1
"TOP1",0.570253505291005,1,1,0.570253505291005,0.570253505291005,0.570253505291005,0.570253505291005,1,0.570253505291005,1,1
"Antimetabolite",0.656991093474427,0.551429603174603,0.656991093474427,0.656991093474427,0.506584424603175,0.690947936507937,0.506584424603175,0.506584424603175,0.656991093474427,1,0.506584424603175
"MEK1",1,0.963340873015873,1,0.971645535714286,1,1,0.963340873015873,0.963340873015873,1,1,1
"MEK2",1,1,1,1,1,1,1,1,1,1,1
"PARP1",1,1,1,0.232530555555556,1,1,1,1,0.232530555555556,1,1
"PARP2",1,1,1,0.315577182539683,1,1,1,1,0.315577182539683,1,1
"CHEK1",1,1,1,1,0,0.808320502645503,1,0.249139880952381,1,1,0.847075595238095
"NTRK1",1,1,1,1,0,0.188239021164021,1,0,0.312255317460317,1,0.312255317460317
"p38",0.597935714285714,1,1,1,0.166093253968254,1,1,1,1,1,1
"MDM2",0.859993959435626,0.859993959435626,0.990519769119769,0.564717063492064,0.859993959435626,0.656068353174603,0.859993959435626,0.564717063492064,0.656068353174603,0.859993959435626,0.930122222222222
