"","EGFR","Hypoxia","JAK.STAT","MAPK","NFkB","PI3K","TGFb","TNFa","Trail","VEGF","p53"
"EGFR",0.017,0.133,0.286,0.035,0.006,0.363,0.446,0.046,0.057,0.039,0.133
"MTORC1",0.704,0.346,0.062,0.148,0.264,0.316,0.204,0.367,0.045,0.03,0.061
"PDGFR",0.135,0.359,0.601,0.198,0.127,0.102,0.261,0.381,0.522,0.424,0.547
"KIT",0.395,0.135,0.364,0.358,0.176,0.125,0.343,0.441,0.112,0.336,0.405
"VEGFR",0.075,0.233,0.491,0.334,0,0.059,0.39,0,0.084,0.164,0.042
"FLT3",0.481,0.204,0.229,0.261,0,0.013,0.264,0.118,0.037,0.506,0
"RET",0.198,0.213,0.054,0.022,0,0.036,0.266,0.001,0.003,0.399,0.049
"CSF1R",0.314,0.422,0.244,0.334,0.193,0.182,0.195,0.066,0.118,0.009,0.274
"MET",0.364,0.502,0.184,0.058,0.177,0.027,0.268,0.067,0.004,0.166,0.272
"Proteasome",0.455,0.108,0.139,0.251,0.082,0.171,0.474,0.206,0.4,0.357,0.339
"Microtubule stabiliser",0.538,0.366,0.364,0.21,0.073,0.364,0.205,0.014,0.375,0.428,0.037
"SMO",0.094,0.059,0.28,0.003,0,0.145,0.256,0.048,0.006,0.284,0.019
"BRAF",0.001,0.114,0.069,0.212,0.405,0.406,0.135,0.483,0.055,0.068,0.279
"AURKA",0.046,0.49,0.464,0.008,0.066,0.113,0.271,0.069,0.258,0.428,0.135
"AURKB",0.021,0.594,0.059,0.034,0.101,0.671,0.552,0.135,0.251,0.338,0.106
"AURKC",0.339,0.41,0.298,0.228,0.167,0.362,0.254,0.264,0.376,0.488,0.285
"ABL",0.048,0.198,0.203,0.381,0,0.074,0.376,0.108,0.336,0.498,0.063
"ALK",0,0.426,0.222,0.41,0.026,0.414,0.35,0.169,0.229,0.28,0.259
"SRC",0.267,0.347,0.551,0.513,0.177,0.317,0.146,0.136,0.154,0.582,0.366
"CDK1",0.017,0.104,0.135,0.019,0,0.104,0.402,0.01,0.127,0.333,0.02
"CDK2",0.01,0.133,0.209,0.158,0.001,0.207,0.361,0.008,0.171,0.03,0.293
"CDK5",0.121,0.037,0.063,0.039,0.125,0.528,0.024,0.097,0.45,0.235,0.318
"CDK7",0.06,0.07,0.092,0.081,0.233,0.018,0.327,0.274,0.321,0.203,0.385
"CDK9",0.359,0.091,0.36,0.197,0.026,0.017,0.344,0.4,0.277,0.278,0.037
"PKC",0.02,0.195,0.112,0.089,0.092,0.088,0.281,0.136,0.144,0.012,0.299
"CDK4",0.54,0.353,0.234,0.544,0.279,0.318,0.054,0.34,0.167,0.238,0.433
"LCK",0.287,0.555,0.163,0.624,0.134,0.321,0.239,0.408,0.19,0.343,0.431
"BMX",0.2,0.234,0.038,0.028,0.376,0.092,0.331,0.137,0.445,0.443,0.371
"PLK1",0.084,0.656,0.596,0.165,0.007,0.463,0.444,0.046,0.436,0.048,0.509
"PLK3",0.069,0.213,0.298,0.525,0.102,0.006,0.429,0.015,0.351,0.205,0.156
"IGF1R",0.549,0.09,0.01,0.421,0.005,0.478,0.014,0.013,0.42,0.041,0.413
"IR",0.207,0.377,0.04,0.425,0.407,0.286,0.53,0.01,0.465,0.139,0.552
"MTOR",0.105,0.408,0.425,0.498,0.536,0.003,0.389,0.405,0.122,0.084,0.092
"AKT1",0.091,0.291,0.612,0.461,0.102,0.605,0.232,0.264,0.494,0.044,0.08
"AKT2",0.14,0.213,0.346,0.511,0.181,0.4,0.233,0.241,0.422,0.091,0.092
"AKT3",0.319,0.19,0.21,0.203,0.006,0.284,0.272,0.221,0.36,0.318,0.243
"HDAC1",0.007,0.607,0.037,0.531,0.189,0.236,0.197,0.051,0,0.006,0.195
"IKK",0.293,0.133,0.425,0.223,0.015,0.029,0.447,0.438,0.058,0.289,0.093
"PI3Kbeta",0.504,0.058,0.222,0.159,0.004,0.212,0.115,0.016,0.62,0.195,0.254
"ERK5",0.627,0.521,0.083,0.433,0.403,0.189,0.19,0.214,0.58,0.271,0.092
"ERBB2",0,0.102,0.051,0.102,0.392,0.087,0.201,0.255,0.357,0.068,0.332
"ROCK1",0.237,0.394,0.095,0.263,0,0.169,0.219,0.006,0.316,0.244,0.102
"ROCK2",0.271,0.198,0.037,0.332,0.036,0.322,0.281,0.234,0.173,0.497,0.189
"DNA crosslinker",0.043,0.215,0.368,0.495,0.194,0.272,0.065,0.02,0.094,0.414,0.174
"Microtubule destabiliser",0.316,0.219,0.194,0.28,0.136,0.266,0.613,0.118,0.171,0.112,0.013
"AR",0.153,0.625,0.599,0.399,0.035,0.212,0.363,0.047,0.233,0.309,0.605
"ATM",0.154,0.131,0.411,0.031,0.03,0.296,0.056,0.107,0.055,0.03,0.26
"FLT1",0.292,0.51,0.106,0.023,0.151,0.132,0.142,0.365,0.022,0.42,0.38
"GSK3A",0.033,0.394,0.3,0.322,0.354,0.59,0.225,0.148,0.502,0.395,0.484
"GSK3B",0.075,0.443,0.164,0.468,0.214,0.358,0.184,0.358,0.357,0.536,0.356
"PDGFRA",0.028,0.569,0.31,0.114,0.089,0.27,0.042,0.156,0.201,0.577,0.363
"VEGFR2",0.243,0.043,0.18,0.407,0.137,0.221,0.418,0.337,0.284,0.452,0.42
"FGFR1",0.19,0.381,0.533,0.394,0.186,0.325,0.19,0.089,0.215,0.4,0.392
"TIE2",0.151,0.051,0.42,0.008,0.298,0.195,0.485,0.21,0.032,0.1,0.151
"JNK2",0.111,0.388,0.023,0,0.458,0.097,0.202,0.062,0.057,0.358,0.14
"BRD2",0.022,0.319,0.119,0.169,0.309,0.024,0.272,0.399,0.015,0.441,0.299
"BRD3",0.067,0.291,0.252,0.117,0.348,0.005,0.512,0.646,0.027,0.437,0.31
"BRD4",0.096,0.165,0.206,0.251,0.149,0.213,0.591,0.166,0.636,0.095,0.357
"BRDT",0.654,0.761,0.549,0.045,0.036,0.009,0.572,0.037,0.422,0.159,0.279
"FNTA",0.399,0.201,0.315,0.067,0.414,0.2,0.419,0.45,0.088,0.228,0.521
"PDK1 (PDPK1)",0.001,0.144,0.341,0.144,0.173,0.392,0.539,0.172,0.264,0.46,0.103
"BCL2",0.217,0.472,0.179,0.148,0.032,0.439,0.399,0.123,0.265,0.313,0.168
"BCL-XL",0.604,0.179,0.206,0.204,0.008,0.336,0.212,0.07,0.297,0.356,0.104
"BCL-W",0.39,0.176,0.099,0.265,0.051,0.331,0.132,0.067,0.35,0.24,0.144
"MCL1",0.022,0.125,0.116,0.353,0.385,0.485,0.068,0.088,0.258,0.084,0.041
"dsDNA break",0.53,0.474,0.179,0.068,0.324,0.361,0.119,0.39,0.153,0.137,0.039
"BTK",0.052,0.128,0.354,0.314,0.32,0.03,0.27,0.429,0.244,0.249,0.41
"HSP90",0.514,0.374,0.12,0.286,0.002,0.371,0.256,0.001,0.655,0.167,0.526
"PDGFRB",0.478,0.088,0.373,0.107,0.167,0.401,0.144,0.533,0.125,0.577,0.39
"IKK2",0.122,0.291,0.094,0.177,0.597,0.012,0.198,0.019,0.188,0.605,0.438
"Amyloid beta20",0.348,0.308,0.552,0.149,0.055,0.121,0.232,0.016,0.251,0.191,0.085
"Amyloid beta40",0.252,0.265,0.481,0.102,0.014,0.269,0.212,0.007,0.269,0.079,0.067
"JAK2",0.032,0.128,0.355,0.042,0.011,0.321,0.187,0.274,0.217,0.483,0.306
"JNK1",0.312,0.339,0.033,0.221,0.533,0.204,0.553,0.121,0.285,0.31,0.556
"CDK6",0.048,0.309,0.28,0.68,0.466,0.2,0.527,0.335,0.678,0.065,0.059
"PI3K (class 1)",0.324,0.042,0.335,0.243,0.581,0.126,0.126,0.363,0.583,0.342,0.049
"PI3Kgamma",0.403,0.034,0.225,0.371,0.536,0.373,0.071,0.167,0.013,0.322,0.242
"RSK",0.136,0.457,0.243,0.294,0.002,0.06,0.099,0,0.23,0.357,0.024
"G9a and GLP",0.047,0.129,0.185,0.478,0.005,0.442,0.111,0.113,0.243,0.49,0.183
"FLT4",0.056,0.369,0.453,0.023,0.809,0.373,0.366,0.069,0.151,0.426,0.229
"NTRK2",0.063,0.115,0.199,0.532,0.03,0.098,0.119,0.025,0.22,0.122,0.001
"LTK",0.122,0.112,0.282,0.074,0.004,0.14,0.221,0.212,0.186,0.236,0.409
"TAK1",0.01,0.24,0.138,0.199,0,0.546,0.131,0.01,0.456,0.074,0.086
"ERK2",0.224,0.513,0.116,0.022,0.411,0.007,0.13,0.614,0.013,0.191,0.312
"HDAC6",0.158,0.717,0.151,0.313,0.005,0.599,0.147,0.086,0.003,0.001,0.044
"VEGFR1",0.074,0.475,0.358,0.064,0.222,0.084,0.53,0.406,0.191,0.227,0.355
"VEGFR3",0.134,0.369,0.439,0.14,0.084,0.078,0.385,0.45,0.133,0.112,0.184
"MTORC2",0.139,0.638,0.603,0.04,0.366,0.061,0.307,0.287,0.198,0.274,0.157
"PIM3",0.285,0.075,0.469,0.045,0.168,0.482,0.42,0.443,0.423,0.46,0.269
"ALK5",0.318,0.064,0.143,0.083,0.093,0.341,0.118,0.014,0.641,0.078,0.406
"TNKS1",0.052,0.371,0.314,0.009,0.189,0.255,0.114,0.537,0.04,0.328,0.373
"TNKS2",0.043,0.369,0.379,0.007,0.244,0.174,0.092,0.529,0.037,0.303,0.426
"TOP1",0.041,0.244,0.606,0.077,0.036,0.103,0.07,0.733,0.086,0.245,0.318
"Antimetabolite",0.12,0.083,0.171,0.178,0.053,0.208,0.061,0.047,0.163,0.352,0.045
"MEK1",0.256,0.08,0.192,0.117,0.396,0.289,0.065,0.087,0.664,0.551,0.285
"MEK2",0.369,0.145,0.222,0.122,0.173,0.206,0.061,0.042,0.729,0.38,0.246
"PARP1",0.426,0.574,0.256,0.014,0.483,0.263,0.287,0.288,0.009,0.278,0.272
"PARP2",0.432,0.678,0.216,0.019,0.757,0.355,0.616,0.532,0.013,0.336,0.192
"CHEK1",0.258,0.251,0.466,0.399,0,0.073,0.287,0.015,0.265,0.483,0.102
"NTRK1",0.338,0.258,0.189,0.282,0,0.017,0.495,0,0.047,0.216,0.046
"p38",0.036,0.249,0.111,0.289,0.005,0.382,0.459,0.303,0.237,0.168,0.377
"MDM2",0.158,0.19,0.328,0.032,0.196,0.079,0.211,0.034,0.07,0.233,0.28
