"","EGFR","Hypoxia","JAK.STAT","MAPK","NFkB","PI3K","TGFb","TNFa","Trail","VEGF","p53"
"EGFR",0.392,0.003,0.129,0.084,0.017,0.207,0.376,0.341,0.313,0.432,0.06
"MTORC1",0.009,0.138,0.227,0,0.238,0.21,0.149,0.02,0.217,0.102,0.339
"PDGFR",0,0.516,0.283,0.017,0.469,0.4,0.286,0.123,0.174,0.574,0.364
"KIT",0.019,0.295,0.52,0.138,0.571,0.424,0.149,0.052,0.157,0.072,0.153
"VEGFR",0.27,0.531,0.143,0.063,0.255,0.248,0.11,0.027,0.063,0.266,0.324
"FLT3",0.033,0.111,0.14,0.04,0,0.394,0.176,0.016,0.023,0.474,0.435
"RET",0.507,0.014,0.165,0.144,0.046,0.327,0.488,0.589,0.185,0.244,0.269
"CSF1R",0.314,0.499,0.202,0.064,0.072,0.363,0.21,0.196,0.073,0.035,0.006
"MET",0.233,0.07,0.389,0.058,0.103,0.194,0.51,0.03,0.478,0.437,0.396
"Proteasome",0.426,0.131,0.111,0.384,0.391,0.148,0.068,0.069,0.432,0.497,0.293
"Microtubule stabiliser",0.09,0.327,0.315,0.03,0.601,0.532,0.29,0.104,0.267,0.113,0.412
"SMO",0,0.114,0.318,0,0.092,0.452,0.031,0.03,0.098,0.305,0.212
"BRAF",0.151,0.255,0.161,0.015,0.211,0.22,0.665,0.004,0.164,0.562,0.507
"AURKA",0.217,0.173,0.061,0.381,0.023,0.223,0.506,0.073,0.064,0.45,0.217
"AURKB",0.238,0.42,0.21,0.241,0.07,0.461,0.412,0.454,0.013,0.097,0.068
"AURKC",0.376,0.38,0.381,0.345,0.478,0.535,0.44,0.056,0.189,0.041,0.174
"ABL",0.006,0.209,0.334,0.171,0.261,0.511,0.153,0.345,0,0.207,0.276
"ALK",0.083,0.006,0.057,0.187,0.53,0.119,0.081,0.15,0.307,0.105,0.174
"SRC",0.023,0.001,0.059,0.337,0.279,0.082,0.235,0.027,0.448,0.397,0.164
"CDK1",0,0.183,0.217,0.007,0.549,0.347,0.155,0.159,0.246,0.043,0.343
"CDK2",0.001,0.339,0.004,0.027,0.021,0.022,0.247,0.404,0.001,0.203,0.158
"CDK5",0.373,0.268,0.176,0.246,0.34,0.574,0.184,0.242,0.115,0.381,0.178
"CDK7",0.374,0.262,0.517,0.362,0.437,0.352,0.432,0.439,0.262,0.106,0.066
"CDK9",0.048,0.546,0.42,0.292,0.045,0.226,0.494,0.275,0.258,0.389,0.146
"PKC",0.118,0.123,0.06,0.32,0.116,0.536,0.172,0.026,0.078,0.039,0.333
"CDK4",0.635,0.111,0.054,0.241,0.037,0.224,0.322,0.033,0.243,0.086,0.428
"LCK",0.163,0.298,0.093,0.07,0.181,0.307,0.293,0.013,0.058,0.208,0.108
"BMX",0.164,0.163,0.007,0.168,0.119,0.364,0.226,0.442,0.088,0.304,0.339
"PLK1",0.158,0.223,0.288,0.17,0.4,0.444,0.275,0.123,0.177,0.232,0.095
"PLK3",0.211,0.181,0.033,0.154,0.05,0.244,0.557,0.033,0.446,0.22,0.324
"IGF1R",0.405,0.468,0.168,0.477,0.166,0.363,0.191,0.454,0.216,0.393,0.175
"IR",0.003,0.483,0.167,0.004,0.102,0.499,0.391,0.037,0.321,0.058,0.364
"MTOR",0.244,0.116,0.241,0.108,0.121,0.368,0.063,0.003,0.137,0.312,0.163
"AKT1",0.48,0.244,0.237,0.024,0.174,0.095,0.255,0.321,0.075,0.284,0.342
"AKT2",0.238,0.268,0.231,0.012,0.281,0.169,0.122,0.408,0.103,0.301,0.517
"AKT3",0.457,0.136,0.002,0.323,0.484,0.022,0.084,0.071,0.195,0.055,0.024
"HDAC1",0.105,0.026,0.005,0.454,0.007,0.506,0.498,0.007,0.36,0.577,0.577
"IKK",0.297,0.126,0.392,0.068,0.187,0.323,0.443,0.598,0.609,0.375,0.413
"PI3Kbeta",0.052,0.044,0.061,0.001,0,0.312,0.036,0.008,0.027,0.333,0.246
"ERK5",0.583,0.068,0.199,0.081,0.009,0.361,0.146,0.378,0.403,0.462,0.251
"ERBB2",0.243,0.01,0.39,0.003,0.001,0.368,0.349,0.169,0.388,0.454,0.224
"ROCK1",0.238,0.073,0.086,0.566,0.55,0.682,0.099,0.701,0.576,0.204,0.273
"ROCK2",0.046,0.211,0.455,0.155,0.21,0.531,0.497,0.678,0.051,0.339,0.433
"DNA crosslinker",0.002,0.497,0.263,0.033,0.326,0.057,0.012,0.061,0.245,0.317,0.127
"Microtubule destabiliser",0.001,0.245,0.519,0.002,0.311,0.248,0.452,0.059,0.121,0.373,0.453
"AR",0.038,0.057,0.151,0.086,0.034,0.23,0.04,0.013,0.174,0.234,0.105
"ATM",0.001,0.154,0.314,0.003,0.124,0.104,0.129,0.408,0.387,0.354,0.135
"FLT1",0.247,0.02,0.295,0.069,0.516,0.314,0.311,0.511,0.246,0.194,0.269
"GSK3A",0,0.149,0.322,0.012,0.094,0.254,0.229,0.156,0.311,0.364,0.198
"GSK3B",0.008,0.125,0.247,0.018,0.066,0.276,0.284,0.068,0.347,0.389,0.283
"PDGFRA",0.044,0.004,0.058,0.141,0.237,0.26,0.205,0.378,0.194,0.162,0.046
"VEGFR2",0.03,0.019,0.242,0.002,0.263,0.167,0.074,0.321,0.381,0.262,0.03
"FGFR1",0.125,0.018,0.133,0.019,0.021,0.372,0.414,0.288,0.078,0.29,0.187
"TIE2",0.136,0.046,0.552,0.024,0.063,0.208,0.483,0.211,0.385,0.354,0.064
"JNK2",0.141,0.43,0.317,0.139,0.009,0.453,0.436,0.119,0.114,0.321,0.413
"BRD2",0.025,0.174,0.112,0.241,0.313,0.104,0.424,0.025,0.422,0.14,0.433
"BRD3",0.019,0.186,0.16,0.299,0.173,0.156,0.372,0.009,0.352,0.127,0.353
"BRD4",0.047,0,0.376,0.365,0.079,0.346,0.343,0,0.072,0.098,0.187
"BRDT",0.329,0.391,0.357,0.165,0.375,0.272,0.064,0.231,0.075,0.119,0.083
"FNTA",0.427,0.059,0.175,0.181,0.001,0.434,0.211,0.018,0.332,0.523,0.04
"PDK1 (PDPK1)",0.176,0.542,0.505,0.408,0.354,0.325,0.143,0.32,0.503,0.175,0.052
"BCL2",0.145,0.043,0.074,0.258,0,0.089,0.022,0.004,0.034,0.522,0.132
"BCL-XL",0.09,0.053,0.069,0.409,0,0.104,0.021,0.002,0.03,0.46,0.094
"BCL-W",0.194,0.226,0.366,0.439,0,0.194,0.094,0,0.482,0.441,0.056
"MCL1",0.007,0.402,0.259,0.011,0.018,0.188,0.104,0.009,0.123,0.202,0.424
"dsDNA break",0,0.207,0.456,0,0,0.507,0.55,0,0.072,0.229,0.577
"BTK",0.062,0.389,0.083,0.028,0.233,0.15,0.045,0.533,0.027,0.199,0.199
"HSP90",0.022,0.538,0.152,0.003,0.084,0.333,0.027,0.018,0.335,0.198,0.377
"PDGFRB",0.052,0.456,0.026,0.138,0.113,0.263,0.424,0.477,0.055,0.108,0.351
"IKK2",0.138,0.313,0.176,0.394,0.286,0.399,0.071,0.168,0.079,0.337,0.045
"Amyloid beta20",0.004,0.349,0.492,0.038,0.098,0.37,0.475,0.124,0.399,0.05,0.425
"Amyloid beta40",0.006,0.28,0.462,0.064,0.107,0.302,0.378,0.048,0.475,0.058,0.365
"JAK2",0.376,0.401,0.034,0.097,0.195,0.215,0.047,0.482,0.024,0.194,0.233
"JNK1",0.001,0.276,0.247,0.011,0,0.351,0.08,0.061,0.411,0.297,0.079
"CDK6",0.043,0.123,0.505,0.464,0.011,0.165,0.036,0.219,0.453,0.566,0.008
"PI3K (class 1)",0.075,0.07,0.048,0.001,0.124,0.265,0.098,0.011,0.04,0.528,0.264
"PI3Kgamma",0.231,0.484,0.218,0.381,0.33,0.33,0.097,0.422,0.029,0.312,0.204
"RSK",0.492,0.217,0.071,0.079,0.152,0.392,0.049,0.002,0.361,0.53,0.574
"G9a and GLP",0,0.019,0.035,0,0.306,0.398,0.367,0.142,0.317,0.151,0.186
"FLT4",0.003,0.345,0.351,0.028,0.061,0.455,0.077,0.501,0.441,0.348,0.372
"NTRK2",0.148,0.394,0.247,0.01,0.337,0.181,0.414,0.464,0.283,0.143,0.32
"LTK",0.017,0.006,0.162,0.217,0.554,0.293,0.368,0.024,0.153,0.236,0.182
"TAK1",0,0.134,0.295,0,0.471,0.556,0.324,0.35,0.541,0.336,0.325
"ERK2",0.005,0.401,0.081,0.271,0.378,0.235,0.112,0.002,0.431,0.099,0.171
"HDAC6",0.426,0.029,0.216,0.494,0.008,0.323,0.203,0.139,0.357,0.066,0.209
"VEGFR1",0.046,0.17,0.128,0.266,0.194,0.417,0.194,0.262,0.281,0.247,0.393
"VEGFR3",0.062,0.078,0.059,0.167,0.106,0.398,0.227,0.255,0.283,0.273,0.308
"MTORC2",0,0.42,0.419,0.036,0.098,0.292,0.449,0.519,0.243,0.401,0.472
"PIM3",0,0.254,0.081,0,0.158,0.044,0.454,0.183,0.09,0.287,0.218
"ALK5",0.038,0.074,0.242,0.306,0.384,0.348,0.169,0.02,0.348,0.237,0.16
"TNKS1",0.005,0.374,0.088,0.054,0.05,0.172,0.013,0.183,0.42,0.209,0.187
"TNKS2",0,0.509,0.071,0.011,0.075,0.214,0.006,0.239,0.462,0.289,0.232
"TOP1",0.174,0.181,0.207,0.206,0.04,0.165,0.121,0.034,0.01,0.372,0.377
"Antimetabolite",0.003,0.286,0.429,0.028,0.055,0.418,0.461,0.002,0.523,0.078,0.154
"MEK1",0.041,0.114,0.793,0.045,0.516,0.581,0.027,0,0.467,0.169,0.001
"MEK2",0.002,0.191,0.722,0.227,0.59,0.643,0.014,0,0.488,0.211,0
"PARP1",0.547,0.364,0.458,0.325,0.012,0.472,0.409,0.036,0.029,0.08,0.474
"PARP2",0.361,0.43,0.428,0.495,0.028,0.461,0.408,0.088,0.056,0.128,0.366
"CHEK1",0,0.15,0.109,0.006,0.076,0.404,0.329,0.007,0.047,0.114,0.414
"NTRK1",0,0.356,0.296,0.039,0.135,0.076,0.376,0.101,0.345,0.198,0.126
"p38",0.512,0.22,0.423,0.004,0.333,0.275,0.046,0.321,0.03,0.241,0.336
"MDM2",0.011,0.265,0.145,0.263,0.048,0.241,0.098,0.392,0.002,0.279,0.086
