"","EGFR","Hypoxia","JAK.STAT","MAPK","NFkB","PI3K","TGFb","TNFa","Trail","VEGF","p53"
"EGFR",1,0.0996559523809524,0.857041190476191,0.697591666666667,0.282358531746032,1,1,1,1,1,0.664373015873016
"MTORC1",0.149483928571429,0.790603888888889,0.790603888888889,0,0.790603888888889,0.790603888888889,0.790603888888889,0.221457671957672,0.790603888888889,0.790603888888889,1
"PDGFR",0,1,1,0.282358531746032,1,1,1,1,1,1,1
"KIT",0.631154365079365,1,1,0.745046882086168,1,1,0.745046882086168,0.745046882086168,0.745046882086168,0.745046882086168,0.745046882086168
"VEGFR",0.996559523809524,1,0.950053412698413,0.697591666666667,0.996559523809524,0.996559523809524,0.913512896825397,0.697591666666667,0.697591666666667,0.996559523809524,1
"FLT3",0.265749206349206,0.61454503968254,0.664373015873016,0.265749206349206,0,1,0.730810317460317,0.254676322751323,0.254676322751323,1,1
"RET",1,0.465061111111111,1,1,0.764028968253968,1,1,1,1,1,1
"CSF1R",1,1,0.871989583333333,0.484992301587302,0.484992301587302,1,0.871989583333333,0.871989583333333,0.484992301587302,0.484992301587302,0.199311904761905
"MET",1,0.775101851851852,1,0.775101851851852,0.855380257936508,1,1,0.775101851851852,1,1,1
"Proteasome",1,0.983272063492064,0.983272063492064,1,1,0.983272063492064,0.983272063492064,0.983272063492064,1,1,1
"Microtubule stabiliser",0.938426884920635,1,1,0.938426884920635,1,1,1,0.938426884920635,1,0.938426884920635,1
"SMO",0,0.540989455782313,1,0,0.540989455782313,1,0.257444543650794,0.257444543650794,0.540989455782313,1,0.880294246031746
"BRAF",1,1,1,0.249139880952381,1,1,1,0.132874603174603,1,1,1
"AURKA",0.925969890873016,0.925969890873016,0.606240376984127,1,0.606240376984127,0.925969890873016,1,0.606240376984127,0.606240376984127,1,0.925969890873016
"AURKB",1,1,1,1,0.775101851851852,1,1,1,0.43184246031746,0.805552281746032,0.775101851851852
"AURKC",1,1,1,1,1,1,1,0.930122222222222,1,0.930122222222222,1
"ABL",0.0996559523809524,1,1,1,1,1,1,1,0,1,1
"ALK",0.658836574074074,0.199311904761905,0.658836574074074,0.690209744268078,1,0.658836574074074,0.658836574074074,0.690209744268078,1,0.658836574074074,0.690209744268078
"SRC",0.298967857142857,0.0332186507936508,0.489975099206349,1,1,0.544785873015873,1,0.298967857142857,1,1,0.907976455026455
"CDK1",0,1,1,0.116265277777778,1,1,1,1,1,0.476133994708995,1
"CDK2",0.0166093253968254,1,0.0442915343915344,0.149483928571429,0.146162063492064,0.146162063492064,0.91166741622575,1,0.0166093253968254,0.842923263888889,0.749792403628118
"CDK5",1,1,1,1,1,1,1,1,1,1,1
"CDK7",1,1,1,1,1,1,1,1,1,1,1
"CDK9",0.797247619047619,1,1,1,0.797247619047619,1,1,1,1,1,1
"PKC",0.583699149659864,0.583699149659864,0.583699149659864,1,0.583699149659864,1,0.714200992063492,0.583699149659864,0.583699149659864,0.583699149659864,1
"CDK4",1,0.737454047619048,0.597935714285714,1,0.597935714285714,1,1,0.597935714285714,1,0.714200992063492,1
"LCK",0.85893939909297,0.927102344877345,0.717522857142857,0.717522857142857,0.85893939909297,0.927102344877345,0.927102344877345,0.43184246031746,0.717522857142857,0.863684920634921,0.717522857142857
"BMX",0.930122222222222,0.930122222222222,0.232530555555556,0.930122222222222,0.930122222222222,1,1,1,0.930122222222222,1,1
"PLK1",1,1,1,1,1,1,1,1,1,1,1
"PLK3",1,1,0.548107738095238,1,0.55364417989418,1,1,0.548107738095238,1,1,1
"IGF1R",1,1,1,1,1,1,1,1,1,1,1
"IR",0.0664373015873016,1,0.92458578042328,0.0664373015873016,0.677660476190476,1,1,0.409696693121693,1,0.481670436507937,1
"MTOR",0.900594532627866,0.758492526455027,0.900594532627866,0.758492526455027,0.758492526455027,1,0.758492526455027,0.0996559523809524,0.758492526455027,1,0.773520011337869
"AKT1",1,1,1,0.797247619047619,1,1,1,1,1,1,1
"AKT2",1,1,1,0.39862380952381,1,1,1,1,1,1,1
"AKT3",1,0.645390929705215,0.0664373015873016,1,1,0.265749206349206,0.465061111111111,0.465061111111111,0.809704613095238,0.456756448412698,0.265749206349206
"HDAC1",0.697591666666667,0.21592123015873,0.0775101851851852,1,0.0775101851851852,1,1,0.0775101851851852,1,1,1
"IKK",1,1,1,1,1,1,1,1,1,1,1
"PI3Kbeta",0.246767120181406,0.243603439153439,0.253292212301587,0.0166093253968254,0,1,0.239174285714286,0.0885830687830688,0.224225892857143,1,0.907976455026455
"ERK5",1,0.896903571428571,1,0.896903571428571,0.298967857142857,1,1,1,1,1,1
"ERBB2",1,0.110728835978836,1,0.0498279761904762,0.0332186507936508,1,1,1,1,1,1
"ROCK1",1,1,1,1,1,1,1,1,1,1,1
"ROCK2",0.847075595238095,1,1,1,1,1,1,1,0.847075595238095,1,1
"DNA crosslinker",0.0664373015873016,1,1,0.365405158730159,1,0.40526753968254,0.199311904761905,0.40526753968254,1,1,0.703128108465608
"Microtubule destabiliser",0.0332186507936508,1,1,0.0332186507936508,1,1,1,0.653300132275132,1,1,1
"AR",0.332186507936508,0.378692619047619,0.627002033730159,0.476133994708995,0.332186507936508,0.706651298701299,0.332186507936508,0.332186507936508,0.642227248677249,0.706651298701299,0.498279761904762
"ATM",0.0332186507936508,0.730810317460317,1,0.0498279761904762,0.730810317460317,0.730810317460317,0.730810317460317,1,1,1,0.730810317460317
"FLT1",1,0.664373015873016,1,1,1,1,1,1,1,1,1
"GSK3A",0,1,1,0.199311904761905,1,1,1,1,1,1,1
"GSK3B",0.265749206349206,0.83046626984127,1,0.298967857142857,0.564717063492064,1,1,0.564717063492064,1,1,1
"PDGFRA",0.481670436507937,0.132874603174603,0.481670436507937,0.851227926587302,0.863684920634921,0.863684920634921,0.851227926587302,1,0.851227926587302,0.851227926587302,0.481670436507937
"VEGFR2",0.249139880952381,0.249139880952381,0.970722795414462,0.0664373015873016,0.970722795414462,0.92458578042328,0.491636031746032,1,1,0.970722795414462,0.249139880952381
"FGFR1",0.736346759259259,0.232530555555556,0.736346759259259,0.232530555555556,0.232530555555556,1,1,1,0.647763690476191,1,0.887412528344671
"TIE2",0.903547301587302,0.531498412698413,1,0.531498412698413,0.531498412698413,1,1,1,1,1,0.531498412698413
"JNK2",0.936765952380952,1,1,0.936765952380952,0.298967857142857,1,1,0.936765952380952,0.936765952380952,1,1
"BRD2",0.415233134920635,0.963340873015873,0.930122222222222,1,1,0.930122222222222,1,0.415233134920635,1,0.930122222222222,1
"BRD3",0.315577182539683,0.882667006802721,0.882667006802721,1,0.882667006802721,0.882667006802721,1,0.298967857142857,1,0.882667006802721,1
"BRD4",0.520425529100529,0,1,1,0.524854682539683,1,1,0,0.524854682539683,0.542571296296296,0.887412528344671
"BRDT",1,1,1,1,1,1,0.919049338624339,1,0.919049338624339,0.988254861111111,0.919049338624339
"FNTA",1,0.489975099206349,1,1,0.0332186507936508,1,1,0.298967857142857,1,1,0.442915343915344
"PDK1 (PDPK1)",1,1,1,1,1,1,1,1,1,1,1
"BCL2",0.535189373897707,0.285680396825397,0.409696693121693,0.857041190476191,0,0.42235141723356,0.243603439153439,0.0664373015873016,0.282358531746032,1,0.535189373897707
"BCL-XL",0.383859964726631,0.352117698412698,0.382014484126984,1,0,0.383859964726631,0.232530555555556,0.0332186507936508,0.249139880952381,1,0.383859964726631
"BCL-W",1,1,1,1,0,1,0.780638293650794,0,1,1,0.620081481481481
"MCL1",0.12180171957672,1,0.955958950617284,0.12180171957672,0.149483928571429,0.838770932539683,0.680982341269841,0.12180171957672,0.680982341269841,0.838770932539683,1
"dsDNA break",0,1,1,0,0,1,1,0,0.478348571428571,1,1
"BTK",0.514889087301587,1,0.551429603174603,0.465061111111111,0.859993959435626,0.826313938492064,0.498279761904762,1,0.465061111111111,0.826313938492064,0.826313938492064
"HSP90",0.224225892857143,1,0.841539153439153,0.0996559523809524,0.558073333333333,1,0.224225892857143,0.224225892857143,1,0.939613265306122,1
"PDGFRB",0.609008597883598,1,0.609008597883598,0.764028968253968,0.750741507936508,1,1,1,0.609008597883598,0.750741507936508,1
"IKK2",0.974413756613757,1,0.974413756613757,1,1,1,0.874757804232804,0.974413756613757,0.874757804232804,1,0.874757804232804
"Amyloid beta20",0.132874603174603,1,1,0.55364417989418,0.813856944444445,1,1,0.82382253968254,1,0.55364417989418,1
"Amyloid beta40",0.199311904761905,1,1,0.531498412698413,0.710879126984127,1,1,0.531498412698413,1,0.531498412698413,1
"JAK2",1,1,0.520425529100529,0.805552281746032,0.967493204365079,0.967493204365079,0.520425529100529,1,0.520425529100529,0.967493204365079,0.967493204365079
"JNK1",0.0166093253968254,1,1,0.12180171957672,0,1,0.442915343915344,0.442915343915344,1,1,0.442915343915344
"CDK6",0.357100496031746,0.81717880952381,1,1,0.182702579365079,0.913512896825397,0.357100496031746,1,1,1,0.182702579365079
"PI3K (class 1)",0.415233134920635,0.415233134920635,0.39862380952381,0.0332186507936508,0.514889087301587,0.880294246031746,0.465061111111111,0.182702579365079,0.39862380952381,1,0.880294246031746
"PI3Kgamma",1,1,1,1,1,1,1,1,0.963340873015873,1,1
"RSK",1,1,0.656068353174603,0.656068353174603,1,1,0.656068353174603,0.0664373015873016,1,1,1
"G9a and GLP",0,0.210384788359788,0.290663194444444,0,1,1,1,0.836002711640212,1,0.836002711640212,0.882667006802721
"FLT4",0.0996559523809524,1,1,0.465061111111111,0.639459027777778,1,0.639459027777778,1,1,1,1
"NTRK2",1,1,1,0.332186507936508,1,1,1,1,1,1,1
"LTK",0.265749206349206,0.199311904761905,0.979950198412698,0.979950198412698,1,1,1,0.265749206349206,0.979950198412698,0.979950198412698,0.979950198412698
"TAK1",0,1,1,0,1,1,1,1,1,1,1
"ERK2",0.083046626984127,1,0.744097777777778,1,1,1,0.744097777777778,0.0664373015873016,1,0.744097777777778,0.946731547619048
"HDAC6",1,0.481670436507937,1,1,0.265749206349206,1,1,1,1,0.730810317460317,1
"VEGFR1",1,1,1,1,1,1,1,1,1,1,1
"VEGFR3",0.863684920634921,0.863684920634921,0.863684920634921,1,0.880294246031746,1,1,1,1,1,1
"MTORC2",0,1,1,0.597935714285714,1,1,1,1,1,1,1
"PIM3",0,0.937504144620811,0.597935714285714,0,0.868430442176871,0.487206878306878,1,0.868430442176871,0.597935714285714,0.953375277777778,0.905208234126984
"ALK5",0.631154365079365,0.819393386243386,1,1,1,1,1,0.631154365079365,1,1,1
"TNKS1",0.166093253968254,1,0.584648253968254,0.448451785714286,0.448451785714286,0.771410890652557,0.21592123015873,0.771410890652557,1,0.771410890652557,0.771410890652557
"TNKS2",0,1,0.498279761904762,0.12180171957672,0.498279761904762,0.992407192460317,0.0996559523809524,0.992407192460317,1,1,0.992407192460317
"TOP1",0.764028968253968,0.764028968253968,0.764028968253968,0.764028968253968,0.442915343915344,0.764028968253968,0.764028968253968,0.442915343915344,0.332186507936508,1,1
"Antimetabolite",0.0498279761904762,1,1,0.310040740740741,0.456756448412698,1,1,0.0498279761904762,1,0.518210952380952,0.852612037037037
"MEK1",0.298967857142857,0.631154365079365,1,0.298967857142857,1,1,0.298967857142857,0,1,0.801993140589569,0.0166093253968254
"MEK2",0.0221457671957672,1,1,1,1,1,0.116265277777778,0,1,1,0
"PARP1",1,1,1,1,0.398623809523809,1,1,0.398623809523809,0.398623809523809,0.664373015873016,1
"PARP2",1,1,1,1,0.930122222222222,1,1,0.974413756613757,0.930122222222222,1,1
"CHEK1",0,0.622849702380952,0.540989455782313,0.0775101851851852,0.504923492063492,1,1,0.0775101851851852,0.390319146825397,0.540989455782313,1
"NTRK1",0,1,1,0.647763690476191,0.747419642857143,0.747419642857143,1,0.747419642857143,1,0.939613265306122,0.747419642857143
"p38",1,1,1,0.132874603174603,1,1,0.509352645502645,1,0.498279761904762,1,1
"MDM2",0.182702579365079,0.926800357142857,0.802784060846561,0.926800357142857,0.531498412698413,0.926800357142857,0.651085555555556,1,0.0664373015873016,0.926800357142857,0.651085555555556
