"","EGFR","Hypoxia","JAK.STAT","MAPK","NFkB","PI3K","TGFb","TNFa","Trail","VEGF","p53"
"EGFR",0.957804431216931,1,1,0.957804431216931,0.957804431216931,1,0.957804431216931,0.957804431216931,1,1,0.957804431216931
"MTORC1",1,1,1,1,1,1,1,1,1,1,1
"PDGFR",1,1,1,1,1,1,1,1,1,1,1
"KIT",1,1,1,1,1,1,1,1,1,1,1
"VEGFR",1,1,1,1,1,1,1,1,1,1,1
"FLT3",1,0.27682208994709,0.340491170634921,1,1,1,1,1,0.27682208994709,0.27682208994709,1
"RET",1,1,1,1,1,1,1,1,1,1,1
"CSF1R",1,1,1,1,1,1,1,1,1,1,1
"MET",1,1,1,1,1,1,1,1,1,1,1
"Proteasome",1,1,1,1,1,1,1,1,1,1,1
"Microtubule stabiliser",1,1,1,1,1,1,1,1,1,1,1
"SMO",1,1,1,1,1,1,1,1,1,1,1
"BRAF",1,1,1,1,1,1,1,1,1,1,1
"AURKA",1,1,1,1,1,1,1,1,1,1,1
"AURKB",1,1,0.896903571428571,1,1,1,1,1,1,1,1
"AURKC",0.946731547619048,1,1,1,1,1,1,1,1,0.946731547619048,1
"ABL",1,0.586862830687831,0.930122222222222,1,0.586862830687831,1,1,1,0.963340873015873,0.586862830687831,1
"ALK",1,1,1,1,1,1,1,1,1,1,1
"SRC",1,1,1,1,1,1,1,1,1,1,1
"CDK1",1,0.597935714285714,1,1,1,1,1,1,0.996559523809524,1,1
"CDK2",1,0.631154365079365,1,1,1,1,1,1,1,1,1
"CDK5",1,1,1,1,1,1,1,1,1,1,1
"CDK7",1,0.365405158730159,1,1,1,1,1,1,1,1,1
"CDK9",1,1,1,1,1,1,1,1,1,1,1
"PKC",1,1,1,1,1,1,1,1,1,1,1
"CDK4",1,1,1,1,1,1,1,1,1,1,1
"LCK",1,0.597935714285714,1,1,1,1,1,1,1,1,1
"BMX",0.653300132275132,0.653300132275132,0.719737433862434,1,1,1,1,0.653300132275132,0.719737433862434,0.719737433862434,1
"PLK1",1,1,1,1,1,1,1,1,1,1,1
"PLK3",0.87614191468254,0.87614191468254,1,0.87614191468254,0.87614191468254,0.87614191468254,0.87614191468254,0.952267989417989,0.87614191468254,1,0.87614191468254
"IGF1R",0.971645535714286,0.971645535714286,1,0.971645535714286,1,0.971645535714286,1,0.971645535714286,0.971645535714286,0.971645535714286,0.971645535714286
"IR",1,1,1,1,1,1,1,1,1,1,1
"MTOR",1,1,1,1,1,1,1,1,1,1,1
"AKT1",1,1,1,1,1,1,1,1,1,1,1
"AKT2",0.810535079365079,0.810535079365079,1,1,1,1,0.810535079365079,0.810535079365079,0.810535079365079,1,1
"AKT3",1,1,1,1,1,1,1,1,1,1,1
"HDAC1",1,1,1,1,1,1,1,1,1,1,1
"IKK",0.758492526455027,0.758492526455027,0.758492526455027,1,0.758492526455027,1,1,1,0.758492526455027,0.758492526455027,1
"PI3Kbeta",1,1,1,1,1,1,1,1,1,1,1
"ERK5",1,1,1,1,1,1,1,1,1,1,1
"ERBB2",1,1,1,1,1,1,1,1,1,1,1
"ROCK1",0.873175963718821,0.873175963718821,1,1,0.873175963718821,0.873175963718821,0.797247619047619,0.797247619047619,1,0.797247619047619,1
"ROCK2",0.949104308390023,0.603472156084656,0.603472156084656,0.95503621031746,1,0.603472156084656,0.603472156084656,1,0.603472156084656,0.465061111111111,1
"DNA crosslinker",1,1,1,1,1,1,1,1,1,1,1
"Microtubule destabiliser",1,1,1,1,1,1,1,1,1,1,1
"AR",1,0.930122222222222,1,1,1,1,1,1,1,1,1
"ATM",1,1,1,1,1,1,1,1,1,1,1
"FLT1",1,1,1,1,1,1,1,1,1,1,1
"GSK3A",1,1,1,1,1,1,1,1,1,1,1
"GSK3B",1,1,1,1,1,1,1,1,1,1,1
"PDGFRA",1,1,1,1,1,1,1,1,1,1,1
"VEGFR2",1,1,1,1,1,1,1,1,1,1,1
"FGFR1",1,0.902440013227513,1,0.896903571428572,1,1,1,0.896903571428572,0.896903571428572,0.896903571428572,0.896903571428572
"TIE2",0.915885657596372,1,0.915885657596372,0.915885657596372,0.915885657596372,1,0.989177601410935,0.915885657596372,0.989177601410935,0.915885657596372,0.915885657596372
"JNK2",1,1,1,1,1,1,1,1,1,1,1
"BRD2",0.705896329365079,0.365405158730159,0.705896329365079,1,1,1,1,0.365405158730159,1,1,1
"BRD3",0.689287003968254,0.465061111111111,0.689287003968254,1,1,1,1,0.465061111111111,1,1,1
"BRD4",0.265749206349206,0.376478042328042,0.265749206349206,1,1,1,1,0.597935714285714,1,1,1
"BRDT",1,1,1,1,1,1,1,1,1,1,1
"FNTA",0.944358786848073,1,0.944358786848073,0.944358786848073,0.944358786848073,1,0.43184246031746,0.944358786848073,1,0.944358786848073,1
"PDK1 (PDPK1)",1,0.365405158730159,1,1,1,1,1,0.664373015873016,0.780638293650794,1,0.780638293650794
"BCL2",1,1,1,1,1,1,1,1,1,1,1
"BCL-XL",0.896903571428571,1,1,1,1,1,0.896903571428571,1,1,1,1
"BCL-W",1,1,1,1,1,1,1,1,1,1,1
"MCL1",1,1,1,1,1,1,1,1,1,1,1
"dsDNA break",1,1,1,1,1,1,1,1,1,1,1
"BTK",1,0.963340873015873,1,1,1,1,1,1,1,1,1
"HSP90",1,1,1,1,1,1,1,1,1,1,1
"PDGFRB",1,1,1,1,1,1,1,1,1,1,1
"IKK2",1,1,1,1,1,1,1,1,1,1,1
"Amyloid beta20",1,1,1,1,1,1,1,1,1,1,1
"Amyloid beta40",1,1,1,1,1,1,1,1,1,1,1
"JAK2",1,1,1,1,1,1,1,1,1,1,1
"JNK1",1,1,1,1,1,1,1,1,1,1,1
"CDK6",1,1,1,1,1,1,1,1,1,1,1
"PI3K (class 1)",1,1,1,1,1,1,1,1,1,1,1
"PI3Kgamma",1,0.39862380952381,1,1,1,1,1,1,1,1,1
"RSK",1,1,1,1,1,1,1,1,1,1,1
"G9a and GLP",1,0.298967857142857,1,1,1,1,1,1,1,1,1
"FLT4",1,1,1,1,1,1,1,1,1,1,1
"NTRK2",1,1,1,1,1,1,1,1,1,1,1
"LTK",1,0.797247619047619,1,1,1,1,1,1,1,1,1
"TAK1",0.857041190476191,0.857041190476191,1,0.857041190476191,1,1,0.857041190476191,0.857041190476191,1,1,1
"ERK2",1,0.664373015873016,1,1,1,1,1,1,1,1,1
"HDAC6",1,1,1,1,1,1,1,1,1,1,1
"VEGFR1",1,1,1,1,1,1,1,1,1,1,1
"VEGFR3",1,1,1,1,1,1,1,1,1,1,1
"MTORC2",1,1,1,1,1,1,1,1,1,1,1
"PIM3",1,1,1,1,1,1,1,1,1,0.730810317460317,1
"ALK5",1,1,1,1,1,1,1,1,1,1,1
"TNKS1",1,1,1,1,1,1,1,1,1,1,1
"TNKS2",1,1,1,1,1,1,1,1,1,1,1
"TOP1",1,1,1,1,1,1,1,1,1,1,1
"Antimetabolite",1,1,1,1,1,1,1,1,1,1,1
"MEK1",1,1,1,1,1,1,1,1,1,1,1
"MEK2",1,1,1,1,1,1,1,1,1,1,1
"PARP1",1,1,1,1,1,1,1,1,1,1,1
"PARP2",1,1,1,1,1,1,1,1,1,1,1
"CHEK1",1,1,1,1,1,1,1,1,1,1,1
"NTRK1",1,1,1,1,1,1,1,1,1,1,1
"p38",1,1,1,1,1,1,1,1,1,1,1
"MDM2",1,1,1,1,1,1,1,1,1,1,1
