"","EGFR","Hypoxia","JAK.STAT","MAPK","NFkB","PI3K","TGFb","TNFa","Trail","VEGF","p53"
"EGFR",0.091,0.274,0.366,0.173,0.161,0.411,0.038,0.104,0.292,0.483,0.148
"MTORC1",0.358,0.032,0.259,0.384,0.391,0.307,0.347,0.401,0.224,0.496,0.325
"PDGFR",0.374,0.288,0.267,0.501,0.263,0.442,0.422,0.539,0.552,0.429,0.207
"KIT",0.388,0.277,0.297,0.167,0.255,0.135,0.085,0.153,0.37,0.211,0.457
"VEGFR",0.367,0.513,0.445,0.398,0.189,0.569,0.33,0.267,0.404,0.343,0.149
"FLT3",0.479,0.015,0.041,0.414,0.23,0.418,0.366,0.229,0.024,0.025,0.226
"RET",0.302,0.3,0.126,0.15,0.515,0.327,0.071,0.526,0.427,0.216,0.428
"CSF1R",0.17,0.188,0.375,0.155,0.336,0.35,0.464,0.479,0.276,0.13,0.391
"MET",0.524,0.392,0.149,0.411,0.435,0.404,0.201,0.215,0.446,0.21,0.353
"Proteasome",0.394,0.411,0.49,0.439,0.501,0.446,0.384,0.485,0.457,0.429,0.448
"Microtubule stabiliser",0.432,0.348,0.234,0.31,0.499,0.282,0.169,0.398,0.451,0.312,0.413
"SMO",0.404,0.049,0.125,0.126,0.225,0.399,0.205,0.331,0.214,0.244,0.313
"BRAF",0.436,0.072,0.366,0.226,0.28,0.317,0.29,0.179,0.096,0.144,0.177
"AURKA",0.08,0.121,0.387,0.308,0.235,0.205,0.322,0.331,0.169,0.054,0.47
"AURKB",0.497,0.426,0.027,0.264,0.449,0.489,0.372,0.353,0.424,0.099,0.315
"AURKC",0.044,0.547,0.381,0.51,0.363,0.214,0.367,0.271,0.518,0.057,0.497
"ABL",0.19,0.026,0.112,0.296,0.053,0.392,0.222,0.404,0.145,0.047,0.359
"ALK",0.419,0.032,0.168,0.316,0.503,0.298,0.27,0.159,0.204,0.335,0.348
"SRC",0.329,0.073,0.581,0.333,0.105,0.265,0.379,0.056,0.221,0.288,0.47
"CDK1",0.419,0.018,0.183,0.22,0.373,0.338,0.212,0.112,0.06,0.22,0.476
"CDK2",0.355,0.019,0.193,0.36,0.365,0.379,0.32,0.269,0.071,0.102,0.357
"CDK5",0.491,0.127,0.366,0.341,0.499,0.426,0.401,0.215,0.312,0.426,0.232
"CDK7",0.48,0.011,0.315,0.562,0.58,0.105,0.24,0.128,0.068,0.361,0.563
"CDK9",0.427,0.392,0.231,0.141,0.238,0.111,0.123,0.156,0.42,0.511,0.191
"PKC",0.414,0.286,0.381,0.403,0.443,0.271,0.316,0.276,0.239,0.373,0.38
"CDK4",0.349,0.276,0.109,0.186,0.465,0.326,0.322,0.39,0.187,0.41,0.231
"LCK",0.466,0.018,0.377,0.396,0.409,0.45,0.204,0.229,0.124,0.355,0.512
"BMX",0.033,0.059,0.126,0.356,0.243,0.388,0.261,0.054,0.13,0.088,0.376
"PLK1",0.463,0.429,0.483,0.505,0.499,0.407,0.56,0.383,0.458,0.392,0.548
"PLK3",0.211,0.206,0.319,0.205,0.194,0.069,0.057,0.258,0.209,0.412,0.188
"IGF1R",0.205,0.234,0.362,0.179,0.384,0.06,0.282,0.107,0.198,0.118,0.044
"IR",0.307,0.188,0.281,0.257,0.211,0.218,0.294,0.207,0.146,0.069,0.393
"MTOR",0.314,0.091,0.281,0.291,0.245,0.455,0.31,0.207,0.347,0.409,0.287
"AKT1",0.14,0.079,0.424,0.201,0.326,0.349,0.055,0.104,0.175,0.336,0.467
"AKT2",0.119,0.049,0.468,0.188,0.334,0.355,0.046,0.094,0.122,0.408,0.475
"AKT3",0.315,0.428,0.402,0.079,0.084,0.454,0.38,0.441,0.293,0.202,0.353
"HDAC1",0.103,0.063,0.213,0.228,0.359,0.361,0.306,0.151,0.146,0.431,0.53
"IKK",0.127,0.097,0.137,0.218,0.113,0.242,0.32,0.459,0.105,0.033,0.355
"PI3Kbeta",0.093,0.479,0.524,0.081,0.443,0.142,0.032,0.465,0.411,0.415,0.333
"ERK5",0.462,0.059,0.077,0.342,0.327,0.439,0.296,0.476,0.2,0.576,0.508
"ERBB2",0.175,0.379,0.313,0.274,0.322,0.437,0.086,0.191,0.241,0.517,0.337
"ROCK1",0.164,0.124,0.307,0.359,0.184,0.139,0.029,0.072,0.475,0.064,0.509
"ROCK2",0.2,0.076,0.107,0.23,0.296,0.085,0.109,0.443,0.059,0.014,0.446
"DNA crosslinker",0.223,0.031,0.263,0.336,0.12,0.449,0.234,0.236,0.298,0.45,0.282
"Microtubule destabiliser",0.49,0.104,0.146,0.384,0.347,0.208,0.197,0.214,0.217,0.284,0.335
"AR",0.348,0.028,0.22,0.476,0.401,0.293,0.411,0.075,0.238,0.424,0.368
"ATM",0.512,0.068,0.415,0.336,0.394,0.28,0.114,0.172,0.351,0.369,0.339
"FLT1",0.162,0.228,0.335,0.054,0.117,0.511,0.409,0.301,0.55,0.441,0.364
"GSK3A",0.529,0.165,0.132,0.49,0.145,0.109,0.085,0.342,0.226,0.489,0.259
"GSK3B",0.43,0.164,0.11,0.489,0.171,0.105,0.058,0.412,0.225,0.405,0.273
"PDGFRA",0.304,0.511,0.455,0.094,0.444,0.184,0.397,0.248,0.324,0.084,0.367
"VEGFR2",0.175,0.156,0.179,0.224,0.259,0.544,0.344,0.106,0.255,0.38,0.527
"FGFR1",0.509,0.163,0.346,0.135,0.562,0.259,0.261,0.062,0.133,0.067,0.096
"TIE2",0.12,0.359,0.193,0.05,0.18,0.381,0.246,0.179,0.268,0.172,0.143
"JNK2",0.307,0.149,0.169,0.051,0.163,0.42,0.092,0.594,0.256,0.281,0.415
"BRD2",0.085,0.018,0.074,0.463,0.368,0.428,0.242,0.022,0.269,0.35,0.207
"BRD3",0.077,0.015,0.083,0.423,0.376,0.513,0.299,0.028,0.269,0.336,0.232
"BRD4",0.016,0.034,0.016,0.331,0.16,0.322,0.41,0.072,0.236,0.415,0.487
"BRDT",0.182,0.279,0.161,0.123,0.332,0.529,0.079,0.159,0.38,0.16,0.379
"FNTA",0.074,0.44,0.189,0.094,0.199,0.28,0.013,0.149,0.441,0.169,0.431
"PDK1 (PDPK1)",0.385,0.011,0.256,0.249,0.422,0.425,0.329,0.04,0.09,0.355,0.094
"BCL2",0.069,0.552,0.282,0.241,0.195,0.279,0.118,0.214,0.36,0.225,0.282
"BCL-XL",0.051,0.423,0.286,0.231,0.226,0.267,0.054,0.181,0.343,0.234,0.313
"BCL-W",0.313,0.129,0.217,0.055,0.326,0.467,0.347,0.374,0.291,0.496,0.205
"MCL1",0.384,0.321,0.117,0.067,0.309,0.428,0.304,0.399,0.418,0.468,0.391
"dsDNA break",0.327,0.363,0.13,0.063,0.221,0.435,0.037,0.205,0.302,0.483,0.297
"BTK",0.066,0.029,0.247,0.434,0.216,0.405,0.429,0.229,0.134,0.158,0.339
"HSP90",0.127,0.199,0.153,0.46,0.441,0.363,0.175,0.135,0.28,0.144,0.504
"PDGFRB",0.349,0.048,0.381,0.101,0.314,0.201,0.499,0.148,0.087,0.286,0.286
"IKK2",0.105,0.102,0.389,0.232,0.274,0.206,0.213,0.255,0.175,0.101,0.554
"Amyloid beta20",0.23,0.068,0.279,0.261,0.316,0.41,0.28,0.299,0.167,0.247,0.248
"Amyloid beta40",0.285,0.049,0.308,0.33,0.286,0.39,0.374,0.269,0.158,0.192,0.27
"JAK2",0.472,0.044,0.513,0.311,0.205,0.326,0.069,0.141,0.132,0.421,0.388
"JNK1",0.25,0.113,0.17,0.04,0.071,0.459,0.168,0.328,0.363,0.268,0.397
"CDK6",0.408,0.35,0.113,0.137,0.534,0.313,0.325,0.411,0.166,0.334,0.268
"PI3K (class 1)",0.182,0.069,0.416,0.346,0.343,0.212,0.04,0.108,0.201,0.446,0.38
"PI3Kgamma",0.342,0.012,0.366,0.425,0.407,0.443,0.348,0.143,0.151,0.397,0.278
"RSK",0.308,0.312,0.298,0.353,0.429,0.417,0.132,0.316,0.302,0.342,0.195
"G9a and GLP",0.386,0.009,0.298,0.535,0.326,0.315,0.201,0.214,0.067,0.382,0.257
"FLT4",0.473,0.487,0.211,0.346,0.415,0.314,0.196,0.278,0.465,0.274,0.322
"NTRK2",0.434,0.355,0.282,0.411,0.273,0.053,0.11,0.265,0.354,0.336,0.454
"LTK",0.359,0.024,0.252,0.422,0.35,0.15,0.304,0.162,0.129,0.226,0.387
"TAK1",0.117,0.129,0.271,0.129,0.317,0.372,0.08,0.059,0.322,0.36,0.198
"ERK2",0.276,0.02,0.2,0.264,0.356,0.311,0.345,0.197,0.22,0.103,0.206
"HDAC6",0.258,0.185,0.336,0.18,0.44,0.198,0.45,0.128,0.248,0.336,0.504
"VEGFR1",0.348,0.152,0.123,0.179,0.465,0.473,0.123,0.468,0.44,0.512,0.182
"VEGFR3",0.416,0.304,0.145,0.192,0.483,0.421,0.148,0.447,0.596,0.411,0.191
"MTORC2",0.417,0.032,0.315,0.362,0.38,0.29,0.284,0.443,0.211,0.431,0.327
"PIM3",0.212,0.328,0.125,0.302,0.271,0.307,0.417,0.321,0.232,0.022,0.265
"ALK5",0.512,0.188,0.45,0.21,0.31,0.404,0.248,0.19,0.224,0.371,0.284
"TNKS1",0.233,0.322,0.186,0.345,0.256,0.292,0.099,0.259,0.366,0.377,0.147
"TNKS2",0.338,0.298,0.158,0.387,0.292,0.24,0.073,0.3,0.321,0.32,0.153
"TOP1",0.269,0.141,0.439,0.331,0.349,0.335,0.526,0.416,0.237,0.476,0.231
"Antimetabolite",0.296,0.269,0.477,0.219,0.298,0.464,0.324,0.264,0.231,0.499,0.366
"MEK1",0.171,0.158,0.349,0.498,0.165,0.213,0.103,0.515,0.224,0.172,0.332
"MEK2",0.184,0.298,0.399,0.467,0.152,0.202,0.118,0.481,0.276,0.181,0.29
"PARP1",0.198,0.128,0.309,0.116,0.204,0.287,0.348,0.456,0.266,0.434,0.2
"PARP2",0.226,0.113,0.292,0.138,0.19,0.27,0.377,0.533,0.274,0.482,0.209
"CHEK1",0.317,0.155,0.485,0.054,0.087,0.401,0.257,0.222,0.288,0.397,0.374
"NTRK1",0.55,0.209,0.119,0.212,0.102,0.402,0.332,0.263,0.434,0.418,0.411
"p38",0.134,0.389,0.335,0.067,0.108,0.309,0.074,0.267,0.415,0.329,0.239
"MDM2",0.161,0.073,0.393,0.3,0.246,0.374,0.292,0.383,0.201,0.312,0.186
